,0,1
0,0,81.553566
1,1,28.194698
2,2,73.59051
3,3,52.661995
4,4,45.45609
5,5,24.817966
6,6,65.95279
7,7,64.6185
8,8,37.258762
9,9,76.752266
10,10,56.737675
11,11,66.128654
12,12,80.866516
13,13,37.430897
14,14,51.64
15,15,29.380787
16,16,85.36392
17,17,19.81062
18,18,32.767506
19,19,82.75672
20,20,68.50436
21,21,44.899868
22,22,20.088522
23,23,64.85837
24,24,48.2674
25,25,43.799248
26,26,48.073143
27,27,76.190414
28,28,53.712597
29,29,28.323896
30,30,59.0701
31,31,66.04184
32,32,27.845518
33,33,72.416954
34,34,48.355724
35,35,70.25707
36,36,46.547157
37,37,76.89746
38,38,57.932972
39,39,64.425545
40,40,37.715416
41,41,74.19426
42,42,75.65298
43,43,23.590588
44,44,74.454506
45,45,62.58182
46,46,70.02037
47,47,19.309269
48,48,25.974783
49,49,42.785267
50,50,58.277054
51,51,71.094406
52,52,58.706886
53,53,57.447845
54,54,73.79263
55,55,66.254105
56,56,69.05681
57,57,30.315655
58,58,63.70283
59,59,93.58941
60,60,60.444057
61,61,19.54119
62,62,78.254234
63,63,37.285606
64,64,41.38236
65,65,63.562443
66,66,92.91003
67,67,24.649742
68,68,64.02004
69,69,61.820984
70,70,67.05739
71,71,76.18995
72,72,35.253155
73,73,11.661695
74,74,35.68831
75,75,61.188522
76,76,64.45968
77,77,55.922855
78,78,25.33644
79,79,59.989647
80,80,25.69001
81,81,30.899975
82,82,68.40167
83,83,35.59909
84,84,52.280575
85,85,55.529953
86,86,39.054146
87,87,62.396145
88,88,66.36533
89,89,21.97516
90,90,64.14798
91,91,34.38278
92,92,53.882027
93,93,66.072365
94,94,18.646791
95,95,61.948338
96,96,60.791733
97,97,17.756418
98,98,61.895462
99,99,52.492096
100,100,65.26915
101,101,54.206234
102,102,44.51135
103,103,68.693985
104,104,64.272156
105,105,51.415527
106,106,77.85484
107,107,24.757683
108,108,64.55024
109,109,56.431793
110,110,66.73567
111,111,69.72311
112,112,47.64108
113,113,77.85916
114,114,67.856415
115,115,51.028965
116,116,54.399544
117,117,55.239243
118,118,32.66507
119,119,32.85681
120,120,62.5833
121,121,69.49669
122,122,34.991657
123,123,59.811497
124,124,69.0651
125,125,64.81572
126,126,79.977
127,127,33.32741
128,128,74.44304
129,129,58.275253
130,130,37.566635
131,131,26.461454
132,132,63.30312
133,133,56.37812
134,134,15.540187
135,135,72.44107
136,136,57.611233
137,137,78.73682
138,138,60.76928
139,139,22.173
140,140,71.94755
141,141,47.1703
142,142,69.68287
143,143,26.854557
144,144,43.804085
145,145,38.195442
146,146,55.015648
147,147,70.507774
148,148,47.90823
149,149,63.54789
150,150,62.4706
151,151,71.46034
152,152,55.487087
153,153,60.7257
154,154,68.27884
155,155,67.60465
156,156,22.993366
157,157,45.38515
158,158,49.787586
159,159,66.1723
160,160,66.30869
161,161,68.24251
162,162,61.813614
163,163,14.845466
164,164,26.774162
165,165,17.431974
166,166,54.94509
167,167,53.24575
168,168,67.35399
169,169,49.61658
170,170,84.6042
171,171,22.332617
172,172,35.447342
173,173,31.964125
174,174,15.636088
175,175,50.028202
176,176,49.45777
177,177,69.945274
178,178,76.57507
179,179,58.444885
180,180,43.374676
181,181,64.27584
182,182,52.13974
183,183,31.261782
184,184,61.631325
185,185,66.39603
186,186,32.808315
187,187,73.63097
188,188,72.28315
189,189,56.166992
190,190,65.34283
191,191,61.473286
192,192,59.677025
193,193,52.82206
194,194,66.83148
195,195,69.72984
196,196,72.438675
197,197,81.70883
198,198,53.110714
199,199,63.931328
200,200,54.50298
201,201,33.75051
202,202,34.504917
203,203,68.873436
204,204,69.77335
205,205,73.28628
206,206,19.885347
207,207,28.429646
208,208,37.273094
209,209,61.016396
210,210,70.51193
211,211,26.843397
212,212,50.92339
213,213,21.021948
214,214,48.92113
215,215,71.54868
216,216,70.08709
217,217,77.79153
218,218,70.968544
219,219,48.145386
220,220,67.32004
221,221,63.90602
222,222,65.16837
223,223,29.028355
224,224,64.72242
225,225,87.94188
226,226,59.980637
227,227,64.201836
228,228,68.60968
229,229,56.716198
230,230,65.06862
231,231,68.597115
232,232,79.17378
233,233,58.82318
234,234,52.380116
235,235,44.676884
236,236,67.46076
237,237,58.948814
238,238,53.69594
239,239,52.787636
240,240,58.757645
241,241,21.691282
242,242,62.097206
243,243,66.313614
244,244,24.201582
245,245,16.846354
246,246,48.67787
247,247,54.27271
248,248,54.172318
249,249,70.89354
250,250,21.94805
251,251,65.15947
252,252,67.46646
253,253,43.97814
254,254,34.233887
255,255,25.996645
256,256,37.954678
257,257,63.22904
258,258,65.92382
259,259,46.80598
260,260,28.045424
261,261,29.213648
262,262,24.675373
263,263,68.48265
264,264,59.3232
265,265,57.227222
266,266,38.13815
267,267,41.536938
268,268,26.105051
269,269,39.67123
270,270,63.88593
271,271,48.489613
272,272,28.778835
273,273,61.935833
274,274,42.551056
275,275,61.60845
276,276,55.668972
277,277,64.3
278,278,55.500828
279,279,53.40055
280,280,71.51739
281,281,29.357439
282,282,33.919014
283,283,71.16246
284,284,35.45124
285,285,43.677105
286,286,53.006855
287,287,74.28307
288,288,59.931
289,289,56.14174
290,290,76.35573
291,291,40.671116
292,292,67.80822
293,293,76.05701
294,294,83.56661
295,295,22.436066
296,296,43.68853
297,297,68.93547
298,298,28.574234
299,299,74.25961
300,300,58.055126
301,301,64.448166
302,302,80.763664
303,303,60.308353
304,304,52.85827
305,305,25.383312
306,306,69.47199
307,307,42.743855
308,308,90.98198
309,309,49.46711
310,310,42.26063
311,311,67.471275
312,312,65.13142
313,313,27.187002
314,314,57.956375
315,315,45.29763
316,316,35.722534
317,317,60.941742
318,318,52.431984
319,319,29.686256
320,320,18.189508
321,321,62.581326
322,322,57.956436
323,323,32.319847
324,324,65.658066
325,325,25.230175
326,326,86.129486
327,327,29.17928
328,328,50.28105
329,329,28.188774
330,330,26.724354
331,331,47.601967
332,332,56.662514
333,333,63.860535
334,334,18.348246
335,335,41.9884
336,336,70.18684
337,337,55.94455
338,338,38.644245
339,339,59.94786
340,340,26.176838
341,341,52.3255
342,342,50.49429
343,343,55.821854
344,344,37.60991
345,345,66.18002
346,346,49.77333
347,347,43.738766
348,348,36.417667
349,349,69.49654
350,350,31.744144
351,351,52.68594
352,352,37.230625
353,353,65.740265
354,354,40.03388
355,355,68.63394
356,356,35.61934
357,357,78.72852
358,358,49.65189
359,359,65.615585
360,360,55.144737
361,361,88.35218
362,362,61.477684
363,363,56.39344
364,364,57.596756
365,365,72.65767
366,366,80.52516
367,367,42.335823
368,368,76.13422
369,369,19.115519
370,370,31.703135
371,371,27.302124
372,372,65.89496
373,373,43.953583
374,374,39.24494
375,375,58.000298
376,376,51.53865
377,377,27.713062
378,378,65.51936
379,379,57.46269
380,380,47.64455
381,381,50.277157
382,382,25.822071
383,383,67.4696
384,384,57.013157
385,385,63.458385
386,386,54.541573
387,387,34.00709
388,388,50.829227
389,389,55.119316
390,390,49.005142
391,391,12.826651
392,392,55.923763
393,393,20.45658
394,394,57.595413
395,395,45.35401
396,396,35.626816
397,397,41.309044
398,398,31.614132
399,399,47.28389
400,400,60.34712
401,401,36.208218
402,402,18.367294
403,403,62.504105
404,404,64.21575
405,405,34.659325
406,406,17.083797
407,407,25.5237
408,408,60.44976
409,409,40.49158
410,410,16.791916
411,411,57.300556
412,412,33.49713
413,413,47.883327
414,414,76.82477
415,415,74.68943
416,416,48.919018
417,417,82.14061
418,418,74.25147
419,419,28.520285
420,420,28.21897
421,421,75.52834
422,422,52.872288
423,423,53.592888
424,424,72.06271
425,425,21.524443
426,426,66.14693
427,427,69.59623
428,428,65.3138
429,429,74.36607
430,430,27.481482
431,431,82.800064
432,432,62.3589
433,433,14.722284
434,434,71.91279
435,435,72.82839
436,436,75.084
437,437,74.59323
438,438,48.859646
439,439,39.93235
440,440,21.939781
441,441,66.057205
442,442,25.544168
443,443,49.395073
444,444,81.49603
445,445,38.29421
446,446,70.17695
447,447,41.05695
448,448,51.689064
449,449,22.147697
450,450,33.652397
451,451,53.633472
452,452,19.045706
453,453,61.055073
454,454,52.838238
455,455,91.65883
456,456,68.54107
457,457,25.497183
458,458,49.56146
459,459,53.56346
460,460,34.73172
461,461,49.898705
462,462,56.092583
463,463,32.829678
464,464,60.53611
465,465,46.42033
466,466,60.253242
467,467,44.28717
468,468,59.56286
469,469,65.39863
470,470,25.331364
471,471,71.4147
472,472,29.84222
473,473,67.82065
474,474,66.43195
475,475,59.132618
476,476,58.655636
477,477,61.00625
478,478,62.607357
479,479,62.48974
480,480,62.336235
481,481,79.02491
482,482,29.729687
483,483,57.97646
484,484,66.94787
485,485,20.787703
486,486,32.861088
487,487,67.880936
488,488,58.736862
489,489,16.020943
490,490,52.883354
491,491,63.903774
492,492,81.686775
493,493,62.998253
494,494,58.463257
495,495,47.040234
496,496,61.49771
497,497,80.59714
498,498,58.32023
499,499,61.236176
500,500,31.127598
501,501,15.47968
502,502,21.614397
503,503,21.356739
504,504,49.146896
505,505,49.40971
506,506,67.097
507,507,18.557205
508,508,32.275738
509,509,60.32964
510,510,18.028728
511,511,58.14962
512,512,56.356415
513,513,70.50057
514,514,56.70523
515,515,57.2844
516,516,46.512573
517,517,79.08124
518,518,65.040535
519,519,58.2356
520,520,83.54056
521,521,61.760895
522,522,27.794472
523,523,66.45929
524,524,53.6351
525,525,58.924725
526,526,64.53458
527,527,59.300392
528,528,72.092186
529,529,52.2431
530,530,23.29805
531,531,58.94277
532,532,61.314003
533,533,62.931732
534,534,70.53582
535,535,59.353737
536,536,34.3115
537,537,35.943016
538,538,66.913284
539,539,22.274683
540,540,71.147285
541,541,28.761087
542,542,77.00394
543,543,80.48103
544,544,54.255184
545,545,48.037277
546,546,56.31416
547,547,74.92542
548,548,24.053423
549,549,67.592995
550,550,70.70877
551,551,24.021364
552,552,60.557728
553,553,32.54663
554,554,64.331116
555,555,48.4187
556,556,67.51928
557,557,68.515274
558,558,69.37537
559,559,66.21891
560,560,61.179573
561,561,77.22514
562,562,31.186407
563,563,71.178185
564,564,66.76542
565,565,29.319769
566,566,66.29149
567,567,51.7703
568,568,60.5018
569,569,70.80722
570,570,28.124521
571,571,31.707872
572,572,23.412756
573,573,66.76139
574,574,47.423473
575,575,78.5067
576,576,65.012314
577,577,62.616974
578,578,58.010548
579,579,75.27547
580,580,35.11131
581,581,71.86967
582,582,61.203518
583,583,55.98026
584,584,70.90397
585,585,20.115822
586,586,61.276707
587,587,79.91128
588,588,54.937958
589,589,21.61182
590,590,40.111702
591,591,35.557415
592,592,57.352947
593,593,57.74106
594,594,43.185776
595,595,19.369665
596,596,63.207615
597,597,58.143406
598,598,54.613945
599,599,37.909687
600,600,54.561028
601,601,63.380142
602,602,67.845215
603,603,60.71615
604,604,48.357174
605,605,33.52017
606,606,67.77756
607,607,60.087875
608,608,46.55675
609,609,22.129896
610,610,39.729263
611,611,56.848137
612,612,40.327618
613,613,31.3935
614,614,59.139496
615,615,55.1438
616,616,77.71421
617,617,55.98191
618,618,76.33134
619,619,24.310776
620,620,37.590996
621,621,20.377373
622,622,71.901024
623,623,43.228447
624,624,62.552673
625,625,63.8609
626,626,66.47022
627,627,62.914783
628,628,57.78584
629,629,60.215946
630,630,61.374954
631,631,76.40615
632,632,56.2471
633,633,41.955605
634,634,74.959435
635,635,69.043915
636,636,81.34696
637,637,79.26779
638,638,60.47093
639,639,87.802444
640,640,71.48896
641,641,67.26471
642,642,52.02873
643,643,75.70403
644,644,29.265444
645,645,61.2906
646,646,34.916348
647,647,52.67205
648,648,21.225931
649,649,57.08894
650,650,71.316216
651,651,27.920279
652,652,73.669136
653,653,55.95703
654,654,64.65557
655,655,16.845076
656,656,74.18539
657,657,65.68237
658,658,98.742096
659,659,80.4314
660,660,18.844742
661,661,58.731453
662,662,36.226883
663,663,63.48929
664,664,75.847725
665,665,39.794556
666,666,40.049603
667,667,60.152317
668,668,23.739851
669,669,54.473473
670,670,21.446081
671,671,24.256182
672,672,72.13093
673,673,52.27883
674,674,82.93824
675,675,48.264668
676,676,31.142664
677,677,21.297512
678,678,69.77959
679,679,63.803593
680,680,20.381786
681,681,51.838676
682,682,74.1074
683,683,68.51267
684,684,87.38331
685,685,53.86855
686,686,63.08596
687,687,43.74076
688,688,18.078537
689,689,78.36913
690,690,66.188576
691,691,61.42773
692,692,57.47293
693,693,33.490124
694,694,64.33326
695,695,50.018585
696,696,69.901344
697,697,69.08069
698,698,55.539085
699,699,16.791538
700,700,68.80756
701,701,64.49134
702,702,67.01129
703,703,55.475754
704,704,37.392567
705,705,53.047646
706,706,25.573055
707,707,59.10032
708,708,95.9129
709,709,59.478287
710,710,61.83997
711,711,64.4676
712,712,72.95068
713,713,67.52274
714,714,58.50984
715,715,40.17573
716,716,65.10754
717,717,66.4947
718,718,59.98745
719,719,58.060707
720,720,54.401096
721,721,59.880707
722,722,76.98225
723,723,56.33907
724,724,70.833595
725,725,58.206085
726,726,69.09832
727,727,80.92072
728,728,37.416893
729,729,19.644962
730,730,55.061768
731,731,51.797703
732,732,50.67311
733,733,53.970795
734,734,52.572792
735,735,65.297676
736,736,32.59606
737,737,47.352264
738,738,60.29492
739,739,54.782627
740,740,65.17242
741,741,26.238945
742,742,60.423367
743,743,58.215534
744,744,29.102392
745,745,41.336647
746,746,29.675806
747,747,19.794804
748,748,29.366846
749,749,72.03075
750,750,31.524302
751,751,58.119255
752,752,43.08159
753,753,28.294409
754,754,55.602325
755,755,27.263662
756,756,78.103
757,757,40.29539
758,758,61.888546
759,759,60.838844
760,760,37.864517
761,761,63.215046
762,762,51.22851
763,763,20.507576
764,764,75.48251
765,765,87.53959
766,766,70.26956
767,767,50.270542
768,768,69.92558
769,769,57.794632
770,770,33.121387
771,771,70.52983
772,772,68.14311
773,773,39.056034
774,774,77.891045
775,775,23.464434
776,776,62.3214
777,777,70.87437
778,778,53.628185
779,779,60.261032
780,780,27.785206
781,781,51.858063
782,782,69.735756
783,783,36.545883
784,784,70.2887
785,785,55.351368
786,786,80.8995
787,787,32.93097
788,788,64.447426
789,789,65.83093
790,790,70.41001
791,791,46.750664
792,792,30.65224
793,793,76.118904
794,794,48.197235
795,795,54.439827
796,796,55.36653
797,797,18.367989
798,798,73.27804
799,799,53.17589
800,800,58.15223
801,801,69.50424
802,802,64.50518
803,803,35.594162
804,804,46.529
805,805,64.27022
806,806,21.114006
807,807,61.049484
808,808,52.747417
809,809,58.644745
810,810,56.810482
811,811,59.77325
812,812,44.6733
813,813,19.547852
814,814,31.837523
815,815,45.038807
816,816,18.8413
817,817,73.46132
818,818,47.654625
819,819,37.372185
820,820,35.539127
821,821,56.920692
822,822,67.20754
823,823,26.951618
824,824,41.22383
825,825,44.137623
826,826,20.512667
827,827,29.769394
828,828,58.269016
829,829,38.66897
830,830,28.829187
831,831,23.90996
832,832,47.226784
833,833,40.237553
834,834,50.400433
835,835,42.102203
836,836,32.446896
837,837,20.886644
838,838,79.787674
839,839,64.74491
840,840,60.880886
841,841,21.289951
842,842,61.682602
843,843,64.06352
844,844,77.10909
845,845,57.687862
846,846,93.41669
847,847,87.39295
848,848,56.39944
849,849,48.184906
850,850,87.301384
851,851,66.4726
852,852,38.35928
853,853,49.992336
854,854,52.834957
855,855,30.327274
856,856,19.53038
857,857,66.87108
858,858,26.325111
859,859,47.781624
860,860,26.946173
861,861,48.40459
862,862,94.21571
863,863,66.26982
864,864,21.426146
865,865,53.488667
866,866,47.832085
867,867,32.904373
868,868,57.970184
869,869,22.325228
870,870,91.27292
871,871,51.090202
872,872,60.79982
873,873,24.040407
874,874,24.014587
875,875,78.08249
876,876,57.014626
877,877,16.459972
878,878,30.662355
879,879,29.906916
880,880,64.570625
881,881,46.053116
882,882,35.02374
883,883,65.44058
884,884,25.477877
885,885,70.82438
886,886,58.840706
887,887,16.880148
888,888,19.088886
889,889,53.48488
890,890,52.511673
891,891,63.17384
892,892,49.11287
893,893,72.59703
894,894,53.0374
895,895,15.573589
896,896,39.32337
897,897,48.519825
898,898,63.706753
899,899,26.671682
900,900,25.278225
901,901,51.992527
902,902,70.59655
903,903,59.030704
904,904,23.421577
905,905,57.888382
906,906,36.587616
907,907,48.958214
908,908,63.590015
909,909,80.20724
910,910,63.189075
911,911,17.2225
912,912,57.34893
913,913,54.010365
914,914,28.51297
915,915,74.189095
916,916,63.575226
917,917,75.32315
918,918,22.982117
919,919,27.416296
920,920,23.09782
921,921,32.380116
922,922,19.648731
923,923,26.847694
924,924,50.172165
925,925,77.31506
926,926,70.80073
927,927,73.3064
928,928,58.627884
929,929,62.79179
930,930,76.245125
931,931,61.11574
932,932,32.93591
933,933,44.9674
934,934,70.033394
935,935,68.07482
936,936,86.95838
937,937,72.6568
938,938,32.638123
939,939,16.587898
940,940,72.17743
941,941,31.663729
942,942,62.851807
943,943,58.696346
944,944,57.74358
945,945,49.750023
946,946,19.56358
947,947,70.86289
948,948,59.543762
949,949,46.81012
950,950,71.03652
951,951,29.113756
952,952,41.919567
953,953,77.8695
954,954,31.767323
955,955,45.631733
956,956,24.349722
957,957,47.233276
958,958,53.096783
959,959,61.196796
960,960,80.0834
961,961,69.441185
962,962,75.527916
963,963,64.38102
964,964,54.44383
965,965,23.071049
966,966,69.49514
967,967,64.82516
968,968,40.801826
969,969,53.068245
970,970,33.191772
971,971,63.070545
972,972,42.74625
973,973,59.020435
974,974,94.776634
975,975,59.207607
976,976,33.529255
977,977,48.016277
978,978,36.946526
979,979,71.142784
980,980,28.410763
981,981,24.7563
982,982,52.619534
983,983,89.597595
984,984,70.69574
985,985,73.04659
986,986,47.507153
987,987,59.497425
988,988,23.722687
989,989,29.21788
990,990,56.110023
991,991,92.944374
992,992,17.785677
993,993,35.80779
994,994,53.097893
995,995,72.340935
996,996,45.54777
997,997,55.500175
998,998,66.86398
999,999,30.59561
1000,1000,66.03544
1001,1001,47.77892
1002,1002,64.16892
1003,1003,60.150715
1004,1004,55.182243
1005,1005,56.33279
1006,1006,57.01093
1007,1007,75.20712
1008,1008,66.35494
1009,1009,61.363373
1010,1010,51.207214
1011,1011,52.770252
1012,1012,54.105526
1013,1013,67.73068
1014,1014,26.884773
1015,1015,53.891994
1016,1016,61.970463
1017,1017,27.775991
1018,1018,51.47099
1019,1019,28.035086
1020,1020,45.61519
1021,1021,61.127865
1022,1022,62.092842
1023,1023,58.180443
1024,1024,62.30275
1025,1025,37.47073
1026,1026,32.35458
1027,1027,75.12535
1028,1028,48.44585
1029,1029,56.207214
1030,1030,71.34499
1031,1031,55.894653
1032,1032,18.840406
1033,1033,17.88885
1034,1034,64.32546
1035,1035,73.36336
1036,1036,47.84631
1037,1037,67.972015
1038,1038,49.3389
1039,1039,47.12745
1040,1040,21.028002
1041,1041,69.75235
1042,1042,73.39804
1043,1043,65.11619
1044,1044,72.983376
1045,1045,41.012455
1046,1046,52.210682
1047,1047,25.626177
1048,1048,42.314278
1049,1049,57.162735
1050,1050,16.807394
1051,1051,47.817257
1052,1052,56.92236
1053,1053,73.66107
1054,1054,63.540905
1055,1055,65.36226
1056,1056,15.868403
1057,1057,74.32049
1058,1058,79.89276
1059,1059,52.207516
1060,1060,46.499485
1061,1061,60.868755
1062,1062,79.704025
1063,1063,51.946804
1064,1064,83.13324
1065,1065,32.952507
1066,1066,60.321854
1067,1067,62.33918
1068,1068,29.568022
1069,1069,32.579876
1070,1070,57.633785
1071,1071,64.62359
1072,1072,46.462204
1073,1073,41.920567
1074,1074,75.15466
1075,1075,56.879955
1076,1076,29.94942
1077,1077,49.49564
1078,1078,65.82459
1079,1079,78.50816
1080,1080,43.756474
1081,1081,67.04138
1082,1082,49.58748
1083,1083,67.92665
1084,1084,44.51574
1085,1085,75.79344
1086,1086,55.679684
1087,1087,66.22578
1088,1088,89.86348
1089,1089,60.562073
1090,1090,52.62668
1091,1091,21.330032
1092,1092,81.54067
1093,1093,52.624798
1094,1094,61.801003
1095,1095,67.84783
1096,1096,68.861275
1097,1097,59.856037
1098,1098,44.33753
1099,1099,63.083736
1100,1100,67.90245
1101,1101,31.665987
1102,1102,54.977264
1103,1103,26.905325
1104,1104,72.27773
1105,1105,56.14129
1106,1106,53.22547
1107,1107,65.87085
1108,1108,29.581615
1109,1109,29.60143
1110,1110,43.554344
1111,1111,37.184948
1112,1112,67.39575
1113,1113,65.236305
1114,1114,55.27285
1115,1115,66.278175
1116,1116,44.612083
1117,1117,35.96553
1118,1118,70.525475
1119,1119,60.82632
1120,1120,28.644775
1121,1121,29.838303
1122,1122,28.491896
1123,1123,58.83235
1124,1124,41.953278
1125,1125,62.749992
1126,1126,45.874165
1127,1127,67.49484
1128,1128,54.703583
1129,1129,72.75156
1130,1130,16.814125
1131,1131,64.951035
1132,1132,36.142754
1133,1133,66.198555
1134,1134,46.56483
1135,1135,48.93781
1136,1136,62.77108
1137,1137,27.770845
1138,1138,17.927183
1139,1139,73.542114
1140,1140,33.77793
1141,1141,53.613873
1142,1142,89.81414
1143,1143,56.815723
1144,1144,24.098747
1145,1145,37.80007
1146,1146,60.53753
1147,1147,73.70319
1148,1148,35.452473
1149,1149,66.599335
1150,1150,71.75193
1151,1151,37.16036
1152,1152,39.899567
1153,1153,56.885365
1154,1154,60.334915
1155,1155,71.25381
1156,1156,73.08027
1157,1157,42.993584
1158,1158,33.39538
1159,1159,33.617393
1160,1160,62.271515
1161,1161,60.311676
1162,1162,71.45461
1163,1163,47.350292
1164,1164,34.247925
1165,1165,52.90105
1166,1166,54.897522
1167,1167,43.585953
1168,1168,66.562874
1169,1169,54.4329
1170,1170,27.182886
1171,1171,51.75781
1172,1172,21.171207
1173,1173,30.311733
1174,1174,38.5964
1175,1175,46.337353
1176,1176,89.77307
1177,1177,61.307125
1178,1178,64.721886
1179,1179,55.904495
1180,1180,70.55348
1181,1181,36.189644
1182,1182,29.062225
1183,1183,51.82907
1184,1184,63.54173
1185,1185,33.691975
1186,1186,65.628525
1187,1187,73.16459
1188,1188,44.074852
1189,1189,26.468378
1190,1190,64.869286
1191,1191,68.18666
1192,1192,52.56711
1193,1193,56.87658
1194,1194,58.048626
1195,1195,66.31983
1196,1196,75.977745
1197,1197,66.40657
1198,1198,26.227026
1199,1199,36.79788
1200,1200,68.72527
1201,1201,20.768963
1202,1202,31.751225
1203,1203,55.630665
1204,1204,66.5276
1205,1205,27.684488
1206,1206,70.1821
1207,1207,59.80137
1208,1208,71.33064
1209,1209,23.311983
1210,1210,66.24569
1211,1211,35.645058
1212,1212,55.949436
1213,1213,56.086864
1214,1214,71.59063
1215,1215,28.801481
1216,1216,52.998352
1217,1217,67.71669
1218,1218,26.23859
1219,1219,73.62944
1220,1220,45.033638
1221,1221,53.91585
1222,1222,47.284492
1223,1223,59.292717
1224,1224,89.16831
1225,1225,38.67621
1226,1226,61.083347
1227,1227,23.637403
1228,1228,87.67731
1229,1229,51.591267
1230,1230,50.443176
1231,1231,63.70351
1232,1232,75.95216
1233,1233,61.580315
1234,1234,65.52133
1235,1235,34.961544
1236,1236,89.17677
1237,1237,33.389328
1238,1238,76.27988
1239,1239,58.829727
1240,1240,26.751673
1241,1241,43.726067
1242,1242,69.626205
1243,1243,18.93936
1244,1244,71.65862
1245,1245,80.15057
1246,1246,61.863766
1247,1247,65.484474
1248,1248,45.86079
1249,1249,82.980576
1250,1250,56.99505
1251,1251,52.348877
1252,1252,63.497734
1253,1253,72.618515
1254,1254,67.74514
1255,1255,62.86266
1256,1256,62.047764
1257,1257,35.9478
1258,1258,31.425362
1259,1259,51.44409
1260,1260,29.402681
1261,1261,51.262135
1262,1262,13.72555
1263,1263,50.00752
1264,1264,62.983536
1265,1265,66.209564
1266,1266,69.748604
1267,1267,53.07912
1268,1268,86.900635
1269,1269,34.14967
1270,1270,56.20582
1271,1271,71.55192
1272,1272,44.24048
1273,1273,17.579922
1274,1274,53.472054
1275,1275,64.791916
1276,1276,54.448826
1277,1277,21.159588
1278,1278,64.45343
1279,1279,32.619915
1280,1280,55.061016
1281,1281,59.667263
1282,1282,60.288754
1283,1283,35.522793
1284,1284,49.61902
1285,1285,65.61717
1286,1286,67.83451
1287,1287,54.476192
1288,1288,27.378395
1289,1289,67.803894
1290,1290,14.970158
1291,1291,68.08859
1292,1292,66.7336
1293,1293,54.429432
1294,1294,25.356415
1295,1295,60.144623
1296,1296,77.15735
1297,1297,58.479908
1298,1298,71.328674
1299,1299,35.114227
1300,1300,74.082146
1301,1301,63.30803
1302,1302,86.53376
1303,1303,58.879723
1304,1304,20.4537
1305,1305,77.51755
1306,1306,66.62749
1307,1307,59.3496
1308,1308,53.602795
1309,1309,20.41165
1310,1310,79.39072
1311,1311,43.269688
1312,1312,37.96384
1313,1313,54.853806
1314,1314,28.271969
1315,1315,57.851856
1316,1316,28.952698
1317,1317,37.043556
1318,1318,24.839956
1319,1319,39.45421
1320,1320,64.967545
1321,1321,53.925762
1322,1322,51.319603
1323,1323,67.835915
1324,1324,29.866787
1325,1325,80.44887
1326,1326,56.54527
1327,1327,56.942253
1328,1328,25.709581
1329,1329,32.107346
1330,1330,68.307
1331,1331,30.572504
1332,1332,62.895863
1333,1333,72.756744
1334,1334,61.907207
1335,1335,57.77511
1336,1336,28.760155
1337,1337,64.39668
1338,1338,72.7603
1339,1339,69.644226
1340,1340,57.71479
1341,1341,60.353252
1342,1342,57.326084
1343,1343,70.94496
1344,1344,23.850615
1345,1345,78.72193
1346,1346,39.91721
1347,1347,54.01493
1348,1348,74.843864
1349,1349,86.65823
1350,1350,48.04975
1351,1351,56.78324
1352,1352,63.09279
1353,1353,71.59627
1354,1354,19.705288
1355,1355,57.96787
1356,1356,70.2777
1357,1357,39.39664
1358,1358,62.77775
1359,1359,36.704937
1360,1360,48.742317
1361,1361,54.174953
1362,1362,27.257898
1363,1363,63.143196
1364,1364,87.0889
1365,1365,60.55865
1366,1366,66.181465
1367,1367,60.94599
1368,1368,51.289864
1369,1369,54.116745
1370,1370,27.188728
1371,1371,41.874477
1372,1372,59.757576
1373,1373,22.913195
1374,1374,55.95482
1375,1375,73.09616
1376,1376,64.65608
1377,1377,68.96902
1378,1378,83.4117
1379,1379,45.907166
1380,1380,70.33107
1381,1381,66.12393
1382,1382,63.155224
1383,1383,55.171616
1384,1384,53.78332
1385,1385,33.695835
1386,1386,61.952698
1387,1387,47.243977
1388,1388,71.225945
1389,1389,72.98516
1390,1390,65.9688
1391,1391,36.760883
1392,1392,72.34991
1393,1393,52.35943
1394,1394,68.46199
1395,1395,48.23024
1396,1396,56.806057
1397,1397,61.837723
1398,1398,66.03466
1399,1399,38.370415
1400,1400,57.8577
1401,1401,19.041714
1402,1402,79.30934
1403,1403,65.10068
1404,1404,58.557102
1405,1405,66.35162
1406,1406,21.677164
1407,1407,46.317223
1408,1408,20.238588
1409,1409,46.6517
1410,1410,34.94602
1411,1411,55.544903
1412,1412,17.014847
1413,1413,61.96253
1414,1414,76.97567
1415,1415,57.96775
1416,1416,18.239046
1417,1417,57.203064
1418,1418,33.400883
1419,1419,22.548935
1420,1420,38.861702
1421,1421,51.870113
1422,1422,44.29947
1423,1423,63.58674
1424,1424,69.61379
1425,1425,88.6971
1426,1426,56.851894
1427,1427,67.96889
1428,1428,22.585379
1429,1429,32.412106
1430,1430,67.22281
1431,1431,16.031404
1432,1432,66.519264
1433,1433,62.313145
1434,1434,23.640944
1435,1435,48.81634
1436,1436,60.55119
1437,1437,48.312477
1438,1438,26.343725
1439,1439,27.040077
1440,1440,59.733173
1441,1441,51.957745
1442,1442,60.957073
1443,1443,49.53059
1444,1444,55.902702
1445,1445,66.305244
1446,1446,57.953007
1447,1447,35.267284
1448,1448,57.13089
1449,1449,66.8499
1450,1450,54.312702
1451,1451,76.45298
1452,1452,19.822544
1453,1453,58.143356
1454,1454,55.106953
1455,1455,46.864697
1456,1456,64.79982
1457,1457,56.65012
1458,1458,66.96064
1459,1459,37.519093
1460,1460,59.817722
1461,1461,59.849567
1462,1462,65.81732
1463,1463,64.745544
1464,1464,66.64401
1465,1465,58.064167
1466,1466,40.57931
1467,1467,58.762943
1468,1468,35.026104
1469,1469,63.02359
1470,1470,54.978916
1471,1471,72.10476
1472,1472,62.72262
1473,1473,18.854881
1474,1474,69.61782
1475,1475,67.17167
1476,1476,51.824818
1477,1477,54.56526
1478,1478,67.29046
1479,1479,31.397846
1480,1480,57.334724
1481,1481,64.77962
1482,1482,21.541296
1483,1483,70.51326
1484,1484,65.039055
1485,1485,65.74446
1486,1486,53.173893
1487,1487,52.326385
1488,1488,33.494236
1489,1489,59.91886
1490,1490,71.60874
1491,1491,77.81871
1492,1492,70.68213
1493,1493,78.2963
1494,1494,48.34638
1495,1495,16.010172
1496,1496,27.496357
1497,1497,58.705383
1498,1498,74.82664
1499,1499,68.1116
1500,1500,70.35156
1501,1501,19.142351
1502,1502,24.286886
1503,1503,64.27102
1504,1504,51.046757
1505,1505,63.913994
1506,1506,23.333784
1507,1507,71.34627
1508,1508,33.141327
1509,1509,20.286562
1510,1510,63.618324
1511,1511,48.541588
1512,1512,50.449448
1513,1513,65.428604
1514,1514,70.394585
1515,1515,66.14321
1516,1516,56.822376
1517,1517,66.429085
1518,1518,51.08612
1519,1519,17.467064
1520,1520,65.83956
1521,1521,85.93991
1522,1522,32.63271
1523,1523,48.932686
1524,1524,39.975925
1525,1525,45.6753
1526,1526,22.89765
1527,1527,73.79569
1528,1528,36.366016
1529,1529,63.700253
1530,1530,49.278984
1531,1531,50.452934
1532,1532,51.45454
1533,1533,40.25724
1534,1534,70.64514
1535,1535,69.223755
1536,1536,38.00071
1537,1537,57.087444
1538,1538,57.82649
1539,1539,76.3752
1540,1540,62.50009
1541,1541,78.942474
1542,1542,80.516785
1543,1543,35.406376
1544,1544,24.006128
1545,1545,67.1458
1546,1546,35.834633
1547,1547,60.45095
1548,1548,68.01732
1549,1549,35.64079
1550,1550,69.394226
1551,1551,36.3164
1552,1552,95.326675
1553,1553,36.338226
1554,1554,41.355812
1555,1555,23.315994
1556,1556,66.6578
1557,1557,41.468822
1558,1558,97.56621
1559,1559,23.041182
1560,1560,19.381773
1561,1561,59.478035
1562,1562,39.706295
1563,1563,61.34213
1564,1564,73.55029
1565,1565,73.50165
1566,1566,68.813934
1567,1567,54.62146
1568,1568,46.354744
1569,1569,66.619095
1570,1570,37.02154
1571,1571,78.41548
1572,1572,18.038536
1573,1573,67.0381
1574,1574,69.26572
1575,1575,89.35343
1576,1576,64.85712
1577,1577,15.360617
1578,1578,68.45091
1579,1579,39.500248
1580,1580,36.31951
1581,1581,35.836212
1582,1582,32.789364
1583,1583,56.614235
1584,1584,38.542534
1585,1585,61.682083
1586,1586,62.6397
1587,1587,67.464584
1588,1588,32.474033
1589,1589,69.71909
1590,1590,46.58083
1591,1591,75.25203
1592,1592,76.205894
1593,1593,54.934643
1594,1594,53.16598
1595,1595,69.57033
1596,1596,86.40659
1597,1597,63.017864
1598,1598,30.184982
1599,1599,16.261683
1600,1600,74.89489
1601,1601,57.295517
1602,1602,66.60572
1603,1603,31.384855
1604,1604,75.00945
1605,1605,77.45562
1606,1606,66.311485
1607,1607,76.45922
1608,1608,65.294014
1609,1609,62.90443
1610,1610,51.77297
1611,1611,41.120068
1612,1612,71.843796
1613,1613,26.83593
1614,1614,62.338142
1615,1615,21.652802
1616,1616,36.58589
1617,1617,20.111366
1618,1618,30.443886
1619,1619,55.264637
1620,1620,60.231884
1621,1621,62.82445
1622,1622,53.336323
1623,1623,36.15329
1624,1624,59.428284
1625,1625,63.107754
1626,1626,65.65503
1627,1627,27.175964
1628,1628,92.19006
1629,1629,20.636936
1630,1630,62.867817
1631,1631,62.611786
1632,1632,52.727303
1633,1633,64.37452
1634,1634,78.13766
1635,1635,56.941647
1636,1636,89.56946
1637,1637,23.596647
1638,1638,74.317795
1639,1639,47.204453
1640,1640,67.01812
1641,1641,33.010452
1642,1642,70.75402
1643,1643,71.01829
1644,1644,59.76402
1645,1645,63.853985
1646,1646,18.431974
1647,1647,49.19886
1648,1648,51.73777
1649,1649,62.65776
1650,1650,68.963036
1651,1651,83.29562
1652,1652,36.45104
1653,1653,36.837227
1654,1654,25.504478
1655,1655,44.106976
1656,1656,27.921734
1657,1657,65.782585
1658,1658,36.801666
1659,1659,31.145603
1660,1660,66.99593
1661,1661,33.948833
1662,1662,28.453983
1663,1663,73.24141
1664,1664,64.94203
1665,1665,51.659885
1666,1666,67.958954
1667,1667,61.396362
1668,1668,79.64849
1669,1669,68.840866
1670,1670,26.821404
1671,1671,80.55903
1672,1672,54.877346
1673,1673,56.764343
1674,1674,57.17726
1675,1675,55.002262
1676,1676,65.230606
1677,1677,78.41965
1678,1678,73.78248
1679,1679,83.18863
1680,1680,49.074474
1681,1681,59.26636
1682,1682,53.364403
1683,1683,37.474808
1684,1684,55.60566
1685,1685,62.448154
1686,1686,56.09741
1687,1687,66.70116
1688,1688,73.381836
1689,1689,46.347794
1690,1690,72.37488
1691,1691,56.13702
1692,1692,66.493225
1693,1693,33.33362
1694,1694,67.14095
1695,1695,51.51543
1696,1696,45.63065
1697,1697,60.999043
1698,1698,38.673916
1699,1699,44.784832
1700,1700,65.13315
1701,1701,63.180573
1702,1702,65.79039
1703,1703,78.46747
1704,1704,72.521935
1705,1705,28.95354
1706,1706,38.49684
1707,1707,37.95598
1708,1708,15.567048
1709,1709,61.76139
1710,1710,72.2672
1711,1711,31.105185
1712,1712,93.191025
1713,1713,58.43342
1714,1714,44.866642
1715,1715,49.719387
1716,1716,22.471195
1717,1717,50.178284
1718,1718,31.779331
1719,1719,46.895622
1720,1720,27.909
1721,1721,35.738377
1722,1722,59.291824
1723,1723,70.18111
1724,1724,20.86001
1725,1725,49.6925
1726,1726,49.478115
1727,1727,17.025389
1728,1728,22.824497
1729,1729,72.68074
1730,1730,59.127346
1731,1731,62.57782
1732,1732,55.055626
1733,1733,27.32957
1734,1734,66.19186
1735,1735,71.21287
1736,1736,73.6467
1737,1737,67.7027
1738,1738,21.466671
1739,1739,69.28766
1740,1740,26.066599
1741,1741,64.854164
1742,1742,56.05571
1743,1743,31.175447
1744,1744,63.607334
1745,1745,63.732643
1746,1746,79.996704
1747,1747,57.78458
1748,1748,64.272026
1749,1749,58.63832
1750,1750,58.655872
1751,1751,83.181274
1752,1752,22.100212
1753,1753,20.576077
1754,1754,48.596638
1755,1755,67.6139
1756,1756,78.368546
1757,1757,53.063255
1758,1758,23.086952
1759,1759,74.5032
1760,1760,75.563324
1761,1761,19.865667
1762,1762,41.793907
1763,1763,17.025417
1764,1764,73.262474
1765,1765,66.02822
1766,1766,51.059284
1767,1767,19.100447
1768,1768,73.33391
1769,1769,28.786844
1770,1770,52.8311
1771,1771,46.20004
1772,1772,41.46665
1773,1773,54.540237
1774,1774,70.67373
1775,1775,74.70769
1776,1776,60.998535
1777,1777,80.624855
1778,1778,45.86455
1779,1779,63.689304
1780,1780,69.27322
1781,1781,19.290926
1782,1782,91.70856
1783,1783,67.14342
1784,1784,69.019966
1785,1785,46.187485
1786,1786,34.97627
1787,1787,39.721584
1788,1788,60.67857
1789,1789,72.981544
1790,1790,58.995636
1791,1791,51.22343
1792,1792,71.35995
1793,1793,70.337204
1794,1794,27.621145
1795,1795,47.594078
1796,1796,71.83589
1797,1797,70.70811
1798,1798,73.39569
1799,1799,58.267624
1800,1800,23.18393
1801,1801,49.705883
1802,1802,48.038494
1803,1803,66.55021
1804,1804,69.39922
1805,1805,58.69147
1806,1806,35.689365
1807,1807,58.34728
1808,1808,20.735392
1809,1809,31.567263
1810,1810,61.273365
1811,1811,21.001978
1812,1812,51.287514
1813,1813,52.36468
1814,1814,45.885883
1815,1815,54.839436
1816,1816,18.582941
1817,1817,64.34093
1818,1818,85.899055
1819,1819,62.12199
1820,1820,54.27343
1821,1821,59.095432
1822,1822,22.913532
1823,1823,18.937202
1824,1824,48.20967
1825,1825,21.323904
1826,1826,58.17951
1827,1827,63.387016
1828,1828,17.065228
1829,1829,18.595795
1830,1830,80.24669
1831,1831,26.975008
1832,1832,82.141106
1833,1833,59.715866
1834,1834,18.615038
1835,1835,20.137661
1836,1836,23.780592
1837,1837,24.595598
1838,1838,56.998413
1839,1839,55.43788
1840,1840,49.645035
1841,1841,50.480385
1842,1842,57.73131
1843,1843,49.98323
1844,1844,56.552605
1845,1845,61.16449
1846,1846,28.222525
1847,1847,63.21132
1848,1848,58.455997
1849,1849,17.751963
1850,1850,57.02897
1851,1851,70.37871
1852,1852,59.99096
1853,1853,55.603634
1854,1854,59.180717
1855,1855,58.68176
1856,1856,56.350395
1857,1857,31.696808
1858,1858,44.607952
1859,1859,55.069252
1860,1860,69.32502
1861,1861,57.952927
1862,1862,67.112465
1863,1863,62.580494
1864,1864,70.80807
1865,1865,36.00008
1866,1866,28.43507
1867,1867,76.01884
1868,1868,53.100567
1869,1869,67.73894
1870,1870,57.549217
1871,1871,33.037548
1872,1872,54.36641
1873,1873,51.908127
1874,1874,74.63301
1875,1875,67.919655
1876,1876,64.58739
1877,1877,39.093155
1878,1878,63.6143
1879,1879,66.808464
1880,1880,78.68822
1881,1881,52.338005
1882,1882,81.75969
1883,1883,47.27558
1884,1884,67.81298
1885,1885,53.75094
1886,1886,14.642819
1887,1887,64.95246
1888,1888,59.63046
1889,1889,21.614105
1890,1890,51.032368
1891,1891,99.65085
1892,1892,63.41699
1893,1893,52.872467
1894,1894,59.629017
1895,1895,66.807915
1896,1896,54.627495
1897,1897,73.73164
1898,1898,46.484093
1899,1899,30.456821
1900,1900,22.932299
1901,1901,33.782597
1902,1902,47.80926
1903,1903,46.188972
1904,1904,21.666739
1905,1905,47.28269
1906,1906,76.309265
1907,1907,63.824127
1908,1908,71.65464
1909,1909,62.419327
1910,1910,50.096546
1911,1911,70.993
1912,1912,36.947983
1913,1913,49.832993
1914,1914,50.32828
1915,1915,78.35573
1916,1916,28.23722
1917,1917,67.09181
1918,1918,24.20108
1919,1919,73.2663
1920,1920,18.223078
1921,1921,27.026981
1922,1922,25.736504
1923,1923,64.99093
1924,1924,33.684284
1925,1925,23.795893
1926,1926,73.95346
1927,1927,52.147003
1928,1928,51.30884
1929,1929,82.3351
1930,1930,64.98023
1931,1931,79.97092
1932,1932,54.861794
1933,1933,69.97138
1934,1934,68.1637
1935,1935,22.266045
1936,1936,53.809753
1937,1937,34.26212
1938,1938,23.172338
1939,1939,71.44371
1940,1940,72.57092
1941,1941,32.003796
1942,1942,57.630028
1943,1943,54.178738
1944,1944,61.34582
1945,1945,68.23591
1946,1946,56.058743
1947,1947,31.106392
1948,1948,28.325462
1949,1949,35.105263
1950,1950,26.697289
1951,1951,43.446785
1952,1952,19.707449
1953,1953,32.90457
1954,1954,35.78355
1955,1955,17.075552
1956,1956,62.221413
1957,1957,33.609585
1958,1958,58.78343
1959,1959,72.12933
1960,1960,30.4943
1961,1961,33.796806
1962,1962,60.637165
1963,1963,56.41834
1964,1964,42.560005
1965,1965,36.452114
1966,1966,26.642553
1967,1967,70.02423
1968,1968,40.69207
1969,1969,45.610035
1970,1970,37.574314
1971,1971,67.1671
1972,1972,52.10041
1973,1973,30.6804
1974,1974,70.90029
1975,1975,47.549995
1976,1976,62.345703
1977,1977,37.319233
1978,1978,51.02024
1979,1979,36.305733
1980,1980,23.040411
1981,1981,73.02587
1982,1982,61.91966
1983,1983,57.82228
1984,1984,62.93148
1985,1985,62.347427
1986,1986,22.05821
1987,1987,29.463642
1988,1988,79.23516
1989,1989,64.400505
1990,1990,62.174202
1991,1991,60.863045
1992,1992,25.326933
1993,1993,48.292618
1994,1994,61.198723
1995,1995,64.048836
1996,1996,28.514538
1997,1997,55.48685
1998,1998,62.248867
1999,1999,18.430859
2000,2000,56.1742
2001,2001,82.78679
2002,2002,59.55438
2003,2003,52.278244
2004,2004,60.363678
2005,2005,51.675983
2006,2006,55.86756
2007,2007,17.562983
2008,2008,44.075108
2009,2009,49.948742
2010,2010,62.840965
2011,2011,59.40322
2012,2012,67.34723
2013,2013,18.143482
2014,2014,21.099806
2015,2015,45.396748
2016,2016,57.1961
2017,2017,39.483448
2018,2018,40.19379
2019,2019,56.969395
2020,2020,69.58388
2021,2021,81.251434
2022,2022,76.77149
2023,2023,60.785667
2024,2024,64.53514
2025,2025,27.803253
2026,2026,74.36242
2027,2027,60.56933
2028,2028,56.9462
2029,2029,37.02161
2030,2030,22.524866
2031,2031,54.931942
2032,2032,50.710724
2033,2033,54.319714
2034,2034,85.065544
2035,2035,59.155346
2036,2036,36.24095
2037,2037,53.54609
2038,2038,42.614555
2039,2039,54.34981
2040,2040,65.63206
2041,2041,71.10122
2042,2042,66.753204
2043,2043,48.802544
2044,2044,43.077
2045,2045,25.09036
2046,2046,39.91395
2047,2047,47.454605
2048,2048,57.50525
2049,2049,21.936872
2050,2050,36.015537
2051,2051,61.365986
2052,2052,61.127907
2053,2053,58.474903
2054,2054,69.72185
2055,2055,62.319786
2056,2056,29.68671
2057,2057,41.9159
2058,2058,38.27849
2059,2059,79.02484
2060,2060,59.533413
2061,2061,54.728046
2062,2062,72.16557
2063,2063,48.381844
2064,2064,21.100296
2065,2065,40.783028
2066,2066,54.69087
2067,2067,59.01094
2068,2068,34.50028
2069,2069,71.00052
2070,2070,60.430923
2071,2071,66.10582
2072,2072,36.209152
2073,2073,48.372883
2074,2074,60.551537
2075,2075,50.59961
2076,2076,72.29366
2077,2077,44.50977
2078,2078,74.83517
2079,2079,19.506424
2080,2080,72.62963
2081,2081,48.592377
2082,2082,21.64545
2083,2083,50.36276
2084,2084,62.669617
2085,2085,46.687256
2086,2086,74.1742
2087,2087,67.29924
2088,2088,64.7918
2089,2089,51.31542
2090,2090,76.07012
2091,2091,62.998753
2092,2092,68.65882
2093,2093,56.918842
2094,2094,55.097538
2095,2095,36.644432
2096,2096,29.064692
2097,2097,28.756811
2098,2098,25.335691
2099,2099,62.564083
2100,2100,66.71059
2101,2101,80.49728
2102,2102,31.83991
2103,2103,44.97813
2104,2104,65.44141
2105,2105,27.255632
2106,2106,31.659918
2107,2107,63.63118
2108,2108,37.777637
2109,2109,73.40819
2110,2110,56.77618
2111,2111,73.12956
2112,2112,56.843647
2113,2113,34.497734
2114,2114,21.882896
2115,2115,66.38855
2116,2116,34.131866
2117,2117,64.208244
2118,2118,53.880177
2119,2119,27.257376
2120,2120,66.315475
2121,2121,32.880814
2122,2122,65.95503
2123,2123,78.03426
2124,2124,34.37764
2125,2125,60.305428
2126,2126,42.860126
2127,2127,16.114191
2128,2128,61.879913
2129,2129,28.508549
2130,2130,58.153133
2131,2131,56.687546
2132,2132,22.183018
2133,2133,57.361313
2134,2134,30.033262
2135,2135,62.57853
2136,2136,49.89708
2137,2137,54.208866
2138,2138,63.269
2139,2139,63.79763
2140,2140,42.63839
2141,2141,29.983953
2142,2142,58.94689
2143,2143,22.350561
2144,2144,60.491634
2145,2145,54.909958
2146,2146,74.900696
2147,2147,61.0428
2148,2148,30.233438
2149,2149,31.587238
2150,2150,73.342834
2151,2151,24.630314
2152,2152,63.02821
2153,2153,67.434326
2154,2154,55.990376
2155,2155,49.293213
2156,2156,30.871565
2157,2157,70.384224
2158,2158,51.623966
2159,2159,65.21854
2160,2160,24.585924
2161,2161,23.748926
2162,2162,64.69846
2163,2163,57.764297
2164,2164,45.07599
2165,2165,70.23609
2166,2166,70.48054
2167,2167,59.307987
2168,2168,71.83436
2169,2169,41.063328
2170,2170,55.117126
2171,2171,20.754185
2172,2172,29.434958
2173,2173,68.10355
2174,2174,63.554447
2175,2175,62.198803
2176,2176,61.179188
2177,2177,79.095535
2178,2178,52.433937
2179,2179,32.75979
2180,2180,54.97956
2181,2181,43.351864
2182,2182,25.14198
2183,2183,57.49252
2184,2184,57.171944
2185,2185,17.764572
2186,2186,63.322395
2187,2187,63.26054
2188,2188,31.722078
2189,2189,51.73981
2190,2190,54.485336
2191,2191,57.014156
2192,2192,20.393614
2193,2193,31.071846
2194,2194,52.0391
2195,2195,67.684395
2196,2196,72.614586
2197,2197,41.36359
2198,2198,47.43394
2199,2199,68.976906
2200,2200,67.55367
2201,2201,76.279526
2202,2202,48.953125
2203,2203,47.61214
2204,2204,61.26978
2205,2205,36.019543
2206,2206,61.295887
2207,2207,25.856943
2208,2208,47.531635
2209,2209,49.036503
2210,2210,50.321293
2211,2211,65.185234
2212,2212,66.35924
2213,2213,78.90016
2214,2214,27.390326
2215,2215,21.765863
2216,2216,70.7054
2217,2217,46.59438
2218,2218,24.11112
2219,2219,58.760834
2220,2220,25.644976
2221,2221,37.19911
2222,2222,64.40779
2223,2223,50.46102
2224,2224,78.575195
2225,2225,22.638372
2226,2226,59.51606
2227,2227,35.588776
2228,2228,21.186245
2229,2229,68.49289
2230,2230,55.078953
2231,2231,55.69868
2232,2232,35.067844
2233,2233,36.368084
2234,2234,51.233524
2235,2235,24.088018
2236,2236,36.06359
2237,2237,56.556343
2238,2238,33.905872
2239,2239,21.089092
2240,2240,28.937668
2241,2241,59.590332
2242,2242,52.480537
2243,2243,21.23217
2244,2244,73.37745
2245,2245,47.879513
2246,2246,50.042324
2247,2247,50.39998
2248,2248,26.888601
2249,2249,70.335205
2250,2250,53.633247
2251,2251,24.76251
2252,2252,46.42399
2253,2253,67.37742
2254,2254,75.62086
2255,2255,19.325413
2256,2256,50.487015
2257,2257,56.48559
2258,2258,55.359455
2259,2259,45.299686
2260,2260,34.719334
2261,2261,21.755926
2262,2262,64.21259
2263,2263,56.26336
2264,2264,19.291733
2265,2265,42.91583
2266,2266,72.04408
2267,2267,74.109856
2268,2268,62.538486
2269,2269,50.166126
2270,2270,37.545246
2271,2271,68.53833
2272,2272,21.783352
2273,2273,68.908264
2274,2274,49.572655
2275,2275,28.886536
2276,2276,78.51162
2277,2277,58.368248
2278,2278,38.097183
2279,2279,59.321636
2280,2280,23.36036
2281,2281,67.970566
2282,2282,40.639015
2283,2283,64.31596
2284,2284,43.823673
2285,2285,65.42207
2286,2286,18.903536
2287,2287,24.112152
2288,2288,36.705654
2289,2289,42.699413
2290,2290,69.63194
2291,2291,44.661446
2292,2292,71.68404
2293,2293,56.0822
2294,2294,65.83491
2295,2295,63.303074
2296,2296,55.95925
2297,2297,61.420486
2298,2298,70.80075
2299,2299,50.897377
2300,2300,57.92234
2301,2301,49.299274
2302,2302,32.61189
2303,2303,71.12317
2304,2304,72.34357
2305,2305,25.411186
2306,2306,58.0798
2307,2307,55.350254
2308,2308,53.532757
2309,2309,69.35844
2310,2310,58.54561
2311,2311,21.04262
2312,2312,68.198784
2313,2313,74.48131
2314,2314,34.52035
2315,2315,58.923103
2316,2316,67.14318
2317,2317,30.503653
2318,2318,85.015335
2319,2319,57.170624
2320,2320,69.293785
2321,2321,46.545326
2322,2322,71.793915
2323,2323,75.81563
2324,2324,36.452335
2325,2325,64.01554
2326,2326,66.7303
2327,2327,77.578285
2328,2328,66.25478
2329,2329,61.211777
2330,2330,58.31165
2331,2331,65.87347
2332,2332,56.321587
2333,2333,53.416203
2334,2334,25.44706
2335,2335,44.830883
2336,2336,67.04827
2337,2337,65.36452
2338,2338,45.718636
2339,2339,20.183792
2340,2340,18.134113
2341,2341,41.50574
2342,2342,63.102936
2343,2343,53.88216
2344,2344,64.29566
2345,2345,63.382313
2346,2346,71.288124
2347,2347,35.57239
2348,2348,68.567986
2349,2349,46.025387
2350,2350,77.922195
2351,2351,20.316174
2352,2352,50.544384
2353,2353,21.655884
2354,2354,77.150795
2355,2355,62.7219
2356,2356,71.25325
2357,2357,73.95691
2358,2358,64.40562
2359,2359,51.57861
2360,2360,89.58614
2361,2361,24.446865
2362,2362,43.38885
2363,2363,76.21089
2364,2364,90.20365
2365,2365,34.07526
2366,2366,62.79223
2367,2367,71.882195
2368,2368,85.475784
2369,2369,24.87928
2370,2370,70.92702
2371,2371,76.379906
2372,2372,73.1793
2373,2373,57.219154
2374,2374,45.905464
2375,2375,46.209084
2376,2376,47.908314
2377,2377,88.196304
2378,2378,20.982082
2379,2379,59.469788
2380,2380,20.257103
2381,2381,46.5868
2382,2382,50.791428
2383,2383,64.411026
2384,2384,69.61899
2385,2385,83.46936
2386,2386,80.559456
2387,2387,66.64746
2388,2388,68.31211
2389,2389,52.869198
2390,2390,19.47937
2391,2391,63.345352
2392,2392,39.00873
2393,2393,94.83068
2394,2394,55.626137
2395,2395,57.096844
2396,2396,34.145008
2397,2397,37.964535
2398,2398,61.032356
2399,2399,52.99615
2400,2400,44.38195
2401,2401,74.98971
2402,2402,44.99578
2403,2403,74.61925
2404,2404,46.594223
2405,2405,21.758703
2406,2406,25.337297
2407,2407,60.238308
2408,2408,21.402025
2409,2409,58.029373
2410,2410,62.31522
2411,2411,98.73094
2412,2412,38.78024
2413,2413,73.84117
2414,2414,80.38602
2415,2415,66.2497
2416,2416,27.237299
2417,2417,52.47182
2418,2418,30.07854
2419,2419,71.90684
2420,2420,60.136833
2421,2421,26.931551
2422,2422,71.89731
2423,2423,27.372063
2424,2424,49.94385
2425,2425,47.17433
2426,2426,17.582767
2427,2427,68.68011
2428,2428,19.867163
2429,2429,39.63955
2430,2430,48.303886
2431,2431,32.415165
2432,2432,88.23204
2433,2433,21.426214
2434,2434,36.02158
2435,2435,66.00361
2436,2436,21.68799
2437,2437,82.33321
2438,2438,58.542534
2439,2439,39.453278
2440,2440,87.29271
2441,2441,76.84743
2442,2442,57.189568
2443,2443,67.8663
2444,2444,27.83034
2445,2445,40.413715
2446,2446,93.67972
2447,2447,19.47437
2448,2448,81.59643
2449,2449,56.698994
2450,2450,67.621414
2451,2451,57.968132
2452,2452,61.51719
2453,2453,30.892136
2454,2454,58.330555
2455,2455,60.02167
2456,2456,52.730057
2457,2457,66.09342
2458,2458,61.991962
2459,2459,43.450966
2460,2460,25.145063
2461,2461,52.91138
2462,2462,75.37286
2463,2463,33.22676
2464,2464,23.632584
2465,2465,53.343346
2466,2466,68.02861
2467,2467,66.53271
2468,2468,72.2829
2469,2469,61.002064
2470,2470,77.540276
2471,2471,39.96336
2472,2472,30.110703
2473,2473,48.676613
2474,2474,84.304344
2475,2475,60.16392
2476,2476,24.875134
2477,2477,59.77798
2478,2478,71.063156
2479,2479,60.44369
2480,2480,63.902412
2481,2481,61.913548
2482,2482,76.21546
2483,2483,59.44814
2484,2484,67.753654
2485,2485,67.414314
2486,2486,58.793324
2487,2487,96.90123
2488,2488,42.314285
2489,2489,66.47314
2490,2490,71.5532
2491,2491,29.192099
2492,2492,65.485054
2493,2493,28.72964
2494,2494,63.639
2495,2495,48.93591
2496,2496,56.076252
2497,2497,67.893585
2498,2498,67.16198
2499,2499,56.164738
2500,2500,60.662357
2501,2501,85.27123
2502,2502,66.034294
2503,2503,23.73448
2504,2504,75.29897
2505,2505,42.192886
2506,2506,57.622158
2507,2507,12.278677
2508,2508,34.631096
2509,2509,52.54974
2510,2510,67.837494
2511,2511,30.988478
2512,2512,69.82557
2513,2513,17.132442
2514,2514,40.546074
2515,2515,28.481668
2516,2516,20.091528
2517,2517,77.27207
2518,2518,48.332077
2519,2519,58.538563
2520,2520,58.53454
2521,2521,34.36573
2522,2522,60.315617
2523,2523,28.48246
2524,2524,36.190918
2525,2525,65.06941
2526,2526,64.55318
2527,2527,62.82057
2528,2528,26.789072
2529,2529,21.624697
2530,2530,72.92954
2531,2531,53.279694
2532,2532,41.62426
2533,2533,71.17647
2534,2534,50.945976
2535,2535,27.588745
2536,2536,64.288315
2537,2537,66.327255
2538,2538,22.303402
2539,2539,79.0057
2540,2540,61.960575
2541,2541,57.44964
2542,2542,16.924488
2543,2543,58.949368
2544,2544,59.77394
2545,2545,48.57058
2546,2546,29.85397
2547,2547,47.07517
2548,2548,35.96537
2549,2549,49.320515
2550,2550,31.270855
2551,2551,36.246403
2552,2552,67.938896
2553,2553,22.676609
2554,2554,47.342663
2555,2555,27.325037
2556,2556,71.54097
2557,2557,53.130894
2558,2558,67.082664
2559,2559,60.955643
2560,2560,57.369728
2561,2561,68.85935
2562,2562,71.62441
2563,2563,73.76118
2564,2564,62.16137
2565,2565,58.8456
2566,2566,66.75454
2567,2567,34.14368
2568,2568,49.159164
2569,2569,31.064302
2570,2570,37.468018
2571,2571,21.720974
2572,2572,73.09076
2573,2573,27.25693
2574,2574,33.866795
2575,2575,62.394283
2576,2576,82.67352
2577,2577,51.0692
2578,2578,50.255444
2579,2579,62.603718
2580,2580,73.476974
2581,2581,29.262707
2582,2582,20.255108
2583,2583,52.62626
2584,2584,87.87894
2585,2585,34.024902
2586,2586,24.223322
2587,2587,65.57777
2588,2588,32.98347
2589,2589,30.544653
2590,2590,47.263958
2591,2591,51.600628
2592,2592,61.0283
2593,2593,70.67275
2594,2594,54.022697
2595,2595,88.46509
2596,2596,61.24916
2597,2597,57.078533
2598,2598,62.123344
2599,2599,35.261715
2600,2600,46.412277
2601,2601,62.944267
2602,2602,54.67437
2603,2603,80.27144
2604,2604,21.23558
2605,2605,57.74662
2606,2606,68.39686
2607,2607,37.435913
2608,2608,32.049175
2609,2609,40.923542
2610,2610,79.46346
2611,2611,13.058523
2612,2612,63.892868
2613,2613,47.8141
2614,2614,82.152626
2615,2615,46.505074
2616,2616,52.22129
2617,2617,61.562054
2618,2618,68.720276
2619,2619,16.386475
2620,2620,47.696873
2621,2621,69.04509
2622,2622,33.92328
2623,2623,55.23138
2624,2624,25.513777
2625,2625,25.43974
2626,2626,32.06898
2627,2627,24.184835
2628,2628,35.355396
2629,2629,66.54952
2630,2630,54.993042
2631,2631,42.44118
2632,2632,53.577988
2633,2633,61.23471
2634,2634,67.6952
2635,2635,58.293247
2636,2636,56.754505
2637,2637,27.491396
2638,2638,20.880327
2639,2639,41.828575
2640,2640,55.294197
2641,2641,33.12512
2642,2642,62.88722
2643,2643,60.98759
2644,2644,21.46435
2645,2645,27.980427
2646,2646,47.835785
2647,2647,64.82842
2648,2648,94.52986
2649,2649,61.06331
2650,2650,47.34037
2651,2651,64.93098
2652,2652,64.173874
2653,2653,34.96903
2654,2654,59.700016
2655,2655,83.150955
2656,2656,60.3526
2657,2657,38.6295
2658,2658,67.41227
2659,2659,61.27917
2660,2660,40.505627
2661,2661,70.31658
2662,2662,60.66368
2663,2663,88.98693
2664,2664,28.152916
2665,2665,62.26836
2666,2666,37.70456
2667,2667,69.49822
2668,2668,54.714607
2669,2669,69.73984
2670,2670,26.581478
2671,2671,81.86938
2672,2672,60.630962
2673,2673,61.952892
2674,2674,52.336285
2675,2675,49.925167
2676,2676,50.25569
2677,2677,62.0676
2678,2678,60.374577
2679,2679,43.90564
2680,2680,52.832817
2681,2681,40.814224
2682,2682,27.229729
2683,2683,61.777752
2684,2684,88.15909
2685,2685,25.080467
2686,2686,35.94185
2687,2687,67.95968
2688,2688,47.38506
2689,2689,71.57615
2690,2690,65.94324
2691,2691,76.55534
2692,2692,51.33673
2693,2693,56.76875
2694,2694,90.884254
2695,2695,56.55564
2696,2696,57.247852
2697,2697,38.21862
2698,2698,93.562256
2699,2699,61.415146
2700,2700,59.875084
2701,2701,67.11147
2702,2702,69.11541
2703,2703,47.8986
2704,2704,16.6612
2705,2705,41.695675
2706,2706,71.15119
2707,2707,61.425762
2708,2708,27.452124
2709,2709,69.614716
2710,2710,62.93112
2711,2711,60.658325
2712,2712,69.427055
2713,2713,60.231384
2714,2714,29.236557
2715,2715,49.697857
2716,2716,69.63874
2717,2717,35.30047
2718,2718,35.343872
2719,2719,64.22943
2720,2720,67.757774
2721,2721,28.718317
2722,2722,20.325668
2723,2723,76.543564
2724,2724,30.497398
2725,2725,93.09911
2726,2726,60.5778
2727,2727,22.784441
2728,2728,44.078213
2729,2729,49.889297
2730,2730,26.260717
2731,2731,55.196575
2732,2732,37.85526
2733,2733,36.288784
2734,2734,63.94457
2735,2735,60.70933
2736,2736,53.185585
2737,2737,78.154915
2738,2738,41.562504
2739,2739,67.431656
2740,2740,31.26691
2741,2741,46.9806
2742,2742,52.92386
2743,2743,66.59866
2744,2744,80.89698
2745,2745,23.681501
2746,2746,62.789024
2747,2747,57.46526
2748,2748,57.36984
2749,2749,48.1997
2750,2750,62.617043
2751,2751,90.68747
2752,2752,54.133087
2753,2753,36.256626
2754,2754,62.245377
2755,2755,56.124348
2756,2756,81.5811
2757,2757,82.96882
2758,2758,64.875786
2759,2759,49.304634
2760,2760,20.975779
2761,2761,25.703396
2762,2762,23.197079
2763,2763,58.71592
2764,2764,68.483315
2765,2765,58.06099
2766,2766,29.18453
2767,2767,34.835857
2768,2768,69.511086
2769,2769,54.549026
2770,2770,43.77065
2771,2771,60.82221
2772,2772,61.880802
2773,2773,55.373875
2774,2774,29.7204
2775,2775,73.95022
2776,2776,88.079315
2777,2777,19.503819
2778,2778,64.39106
2779,2779,73.98835
2780,2780,64.79195
2781,2781,28.876308
2782,2782,78.46432
2783,2783,69.23251
2784,2784,66.90434
2785,2785,75.22843
2786,2786,59.066936
2787,2787,64.272766
2788,2788,30.942387
2789,2789,66.85355
2790,2790,37.676067
2791,2791,54.25123
2792,2792,81.66471
2793,2793,65.81456
2794,2794,49.185143
2795,2795,62.58211
2796,2796,48.064655
2797,2797,52.41586
2798,2798,83.26398
2799,2799,49.59997
2800,2800,24.78607
2801,2801,47.829277
2802,2802,77.71063
2803,2803,23.464317
2804,2804,54.597427
2805,2805,29.798244
2806,2806,62.909595
2807,2807,45.043243
2808,2808,54.711563
2809,2809,52.44239
2810,2810,30.305262
2811,2811,58.080025
2812,2812,93.5808
2813,2813,83.70115
2814,2814,74.21266
2815,2815,26.626516
2816,2816,43.732887
2817,2817,71.06244
2818,2818,35.01695
2819,2819,23.732426
2820,2820,27.749884
2821,2821,22.670021
2822,2822,25.783123
2823,2823,33.813076
2824,2824,24.002052
2825,2825,21.683945
2826,2826,47.827312
2827,2827,40.900696
2828,2828,55.727013
2829,2829,70.1785
2830,2830,55.138546
2831,2831,67.45618
2832,2832,50.863277
2833,2833,64.4153
2834,2834,67.96776
2835,2835,18.611813
2836,2836,70.406006
2837,2837,56.070465
2838,2838,20.229809
2839,2839,40.83997
2840,2840,78.744736
2841,2841,22.278316
2842,2842,43.02911
2843,2843,64.16731
2844,2844,44.76243
2845,2845,67.33183
2846,2846,81.813614
2847,2847,66.761154
2848,2848,23.86592
2849,2849,64.73167
2850,2850,68.97947
2851,2851,49.699306
2852,2852,58.22754
2853,2853,59.405922
2854,2854,56.05973
2855,2855,32.689625
2856,2856,67.431076
2857,2857,18.70113
2858,2858,57.28577
2859,2859,70.06528
2860,2860,21.817556
2861,2861,39.54876
2862,2862,29.09465
2863,2863,62.093697
2864,2864,52.99207
2865,2865,27.316656
2866,2866,32.25467
2867,2867,22.775055
2868,2868,57.039818
2869,2869,75.565544
2870,2870,38.914253
2871,2871,86.51822
2872,2872,58.53165
2873,2873,53.84418
2874,2874,65.857056
2875,2875,23.32619
2876,2876,66.6175
2877,2877,43.070347
2878,2878,52.92114
2879,2879,21.023916
2880,2880,18.6521
2881,2881,51.80055
2882,2882,45.351955
2883,2883,39.011524
2884,2884,87.03815
2885,2885,27.282555
2886,2886,71.13978
2887,2887,67.98343
2888,2888,58.806286
2889,2889,61.976707
2890,2890,30.722795
2891,2891,26.191484
2892,2892,33.604534
2893,2893,68.183136
2894,2894,25.586308
2895,2895,21.379465
2896,2896,22.179644
2897,2897,28.934769
2898,2898,45.72319
2899,2899,61.269226
2900,2900,59.212692
2901,2901,31.906878
2902,2902,74.14793
2903,2903,28.754015
2904,2904,77.4546
2905,2905,25.528303
2906,2906,55.85607
2907,2907,77.50479
2908,2908,27.985315
2909,2909,53.235252
2910,2910,74.253105
2911,2911,59.351765
2912,2912,66.5198
2913,2913,47.979702
2914,2914,24.52526
2915,2915,76.00312
2916,2916,64.64691
2917,2917,50.5586
2918,2918,64.91578
2919,2919,77.30115
2920,2920,59.70827
2921,2921,19.813782
2922,2922,57.367477
2923,2923,70.53047
2924,2924,17.378704
2925,2925,60.495457
2926,2926,26.811655
2927,2927,48.8857
2928,2928,74.093376
2929,2929,67.660446
2930,2930,83.17475
2931,2931,74.24236
2932,2932,66.963585
2933,2933,75.63983
2934,2934,15.6692295
2935,2935,56.70219
2936,2936,63.643333
2937,2937,28.650496
2938,2938,38.34653
2939,2939,47.829918
2940,2940,58.526306
2941,2941,37.236332
2942,2942,39.17199
2943,2943,93.14008
2944,2944,26.586124
2945,2945,62.423203
2946,2946,67.54478
2947,2947,64.36414
2948,2948,88.64159
2949,2949,73.433464
2950,2950,83.41046
2951,2951,27.801962
2952,2952,34.685566
2953,2953,82.62994
2954,2954,62.953842
2955,2955,23.310602
2956,2956,59.908974
2957,2957,62.870815
2958,2958,51.49057
2959,2959,46.98812
2960,2960,50.84506
2961,2961,71.05699
2962,2962,23.356184
2963,2963,78.01184
2964,2964,62.169525
2965,2965,39.146275
2966,2966,51.328617
2967,2967,45.056667
2968,2968,53.649517
2969,2969,34.062405
2970,2970,76.39857
2971,2971,26.143936
2972,2972,60.426003
2973,2973,75.76743
2974,2974,66.64854
2975,2975,72.009865
2976,2976,59.06394
2977,2977,26.830017
2978,2978,27.488186
2979,2979,66.87022
2980,2980,67.76084
2981,2981,95.24867
2982,2982,49.660324
2983,2983,53.587673
2984,2984,67.04823
2985,2985,23.85314
2986,2986,57.45149
2987,2987,59.857353
2988,2988,52.671318
2989,2989,90.411545
2990,2990,32.94352
2991,2991,49.644447
2992,2992,68.42087
2993,2993,39.31502
2994,2994,44.841953
2995,2995,54.60892
2996,2996,59.65917
2997,2997,43.277153
2998,2998,32.489098
2999,2999,60.555237
3000,3000,66.55229
3001,3001,47.427673
3002,3002,53.527252
3003,3003,64.113235
3004,3004,72.62831
3005,3005,34.35776
3006,3006,67.43314
3007,3007,62.748474
3008,3008,62.787884
3009,3009,58.88509
3010,3010,58.45146
3011,3011,71.041176
3012,3012,17.614504
3013,3013,57.740555
3014,3014,35.259186
3015,3015,22.599915
3016,3016,53.983635
3017,3017,89.336136
3018,3018,61.476475
3019,3019,28.392553
3020,3020,67.61443
3021,3021,36.943447
3022,3022,31.342436
3023,3023,30.20624
3024,3024,67.314514
3025,3025,71.19733
3026,3026,69.77349
3027,3027,29.606455
3028,3028,25.127785
3029,3029,65.947525
3030,3030,21.279253
3031,3031,53.64086
3032,3032,22.07424
3033,3033,75.904976
3034,3034,31.909567
3035,3035,29.881468
3036,3036,55.85448
3037,3037,19.741804
3038,3038,60.43382
3039,3039,78.433685
3040,3040,43.789234
3041,3041,63.998333
3042,3042,71.43712
3043,3043,70.552216
3044,3044,74.88903
3045,3045,27.709513
3046,3046,58.48612
3047,3047,81.53477
3048,3048,72.30388
3049,3049,19.808414
3050,3050,17.793068
3051,3051,54.33103
3052,3052,63.56693
3053,3053,64.369934
3054,3054,51.70901
3055,3055,73.69241
3056,3056,70.20967
3057,3057,60.9183
3058,3058,43.384594
3059,3059,65.30009
3060,3060,22.749405
3061,3061,66.21627
3062,3062,51.35517
3063,3063,26.364166
3064,3064,67.82853
3065,3065,39.492077
3066,3066,61.73692
3067,3067,31.46966
3068,3068,63.514065
3069,3069,57.81787
3070,3070,28.045275
3071,3071,70.97864
3072,3072,53.171345
3073,3073,64.03615
3074,3074,34.629524
3075,3075,66.5346
3076,3076,33.314552
3077,3077,66.44059
3078,3078,63.36437
3079,3079,27.288826
3080,3080,47.911003
3081,3081,30.068138
3082,3082,70.89601
3083,3083,82.35789
3084,3084,86.11097
3085,3085,50.59786
3086,3086,33.015377
3087,3087,38.990566
3088,3088,72.05653
3089,3089,82.02181
3090,3090,36.078773
3091,3091,26.177172
3092,3092,57.48338
3093,3093,42.649746
3094,3094,50.890728
3095,3095,19.779604
3096,3096,63.180687
3097,3097,40.271584
3098,3098,78.635254
3099,3099,54.57387
3100,3100,62.90676
3101,3101,42.76317
3102,3102,56.982533
3103,3103,78.161415
3104,3104,81.76075
3105,3105,33.59494
3106,3106,28.185812
3107,3107,21.249895
3108,3108,24.032475
3109,3109,69.74311
3110,3110,56.458843
3111,3111,72.78005
3112,3112,57.91323
3113,3113,63.255
3114,3114,65.62172
3115,3115,74.57129
3116,3116,63.113876
3117,3117,60.133675
3118,3118,74.47258
3119,3119,67.72708
3120,3120,62.56478
3121,3121,49.775658
3122,3122,55.265625
3123,3123,34.6705
3124,3124,59.896698
3125,3125,53.643948
3126,3126,63.118484
3127,3127,56.44883
3128,3128,58.711704
3129,3129,17.380062
3130,3130,23.028896
3131,3131,40.44475
3132,3132,24.235756
3133,3133,92.320694
3134,3134,33.0481
3135,3135,23.987024
3136,3136,53.539227
3137,3137,29.660492
3138,3138,18.461845
3139,3139,70.00643
3140,3140,22.999624
3141,3141,53.65058
3142,3142,65.91746
3143,3143,53.845356
3144,3144,71.57739
3145,3145,70.024055
3146,3146,18.036804
3147,3147,52.668304
3148,3148,78.895584
3149,3149,60.598984
3150,3150,35.618633
3151,3151,20.59606
3152,3152,63.880974
3153,3153,25.043364
3154,3154,42.040253
3155,3155,56.424603
3156,3156,72.7172
3157,3157,50.638172
3158,3158,70.91314
3159,3159,58.363926
3160,3160,69.429665
3161,3161,59.448887
3162,3162,44.748226
3163,3163,64.429695
3164,3164,46.986637
3165,3165,38.14773
3166,3166,47.901287
3167,3167,77.23321
3168,3168,62.445076
3169,3169,60.8503
3170,3170,23.977804
3171,3171,26.231253
3172,3172,34.464237
3173,3173,46.44787
3174,3174,86.99297
3175,3175,19.389143
3176,3176,30.309048
3177,3177,22.120836
3178,3178,65.93876
3179,3179,72.223335
3180,3180,17.61206
3181,3181,67.04673
3182,3182,67.9835
3183,3183,49.339912
3184,3184,54.42292
3185,3185,50.700294
3186,3186,73.51233
3187,3187,34.65698
3188,3188,22.745594
3189,3189,38.187298
3190,3190,53.258
3191,3191,48.261887
3192,3192,53.894848
3193,3193,74.33308
3194,3194,62.349693
3195,3195,68.01776
3196,3196,68.67535
3197,3197,32.64225
3198,3198,30.403862
3199,3199,25.767889
3200,3200,81.044556
3201,3201,24.053814
3202,3202,66.331795
3203,3203,44.90226
3204,3204,36.293316
3205,3205,21.222458
3206,3206,67.85847
3207,3207,69.63835
3208,3208,75.00043
3209,3209,71.74357
3210,3210,64.8898
3211,3211,33.053417
3212,3212,46.218464
3213,3213,29.02919
3214,3214,82.51099
3215,3215,28.182558
3216,3216,27.679838
3217,3217,62.410435
3218,3218,39.278576
3219,3219,71.91862
3220,3220,61.175217
3221,3221,51.69969
3222,3222,71.556854
3223,3223,23.209158
3224,3224,86.58532
3225,3225,64.26991
3226,3226,54.252937
3227,3227,23.35578
3228,3228,26.262997
3229,3229,64.56989
3230,3230,91.9051
3231,3231,17.729362
3232,3232,39.942745
3233,3233,62.485977
3234,3234,71.75329
3235,3235,52.44815
3236,3236,59.462997
3237,3237,66.74703
3238,3238,26.437267
3239,3239,71.09424
3240,3240,80.99033
3241,3241,51.548508
3242,3242,29.23661
3243,3243,45.667767
3244,3244,75.637085
3245,3245,70.101
3246,3246,56.960365
3247,3247,37.409878
3248,3248,21.779865
3249,3249,71.4214
3250,3250,77.81142
3251,3251,49.328056
3252,3252,55.008816
3253,3253,24.368288
3254,3254,50.364037
3255,3255,31.996199
3256,3256,65.01715
3257,3257,59.704838
3258,3258,50.091484
3259,3259,58.501423
3260,3260,34.136425
3261,3261,27.075598
3262,3262,28.708918
3263,3263,81.82339
3264,3264,45.51237
3265,3265,62.90672
3266,3266,40.12404
3267,3267,83.239456
3268,3268,61.759785
3269,3269,55.617287
3270,3270,36.57142
3271,3271,22.528618
3272,3272,58.98235
3273,3273,17.963419
3274,3274,24.155233
3275,3275,63.334156
3276,3276,59.83543
3277,3277,19.24974
3278,3278,28.88876
3279,3279,59.259804
3280,3280,32.065563
3281,3281,29.167953
3282,3282,53.13931
3283,3283,73.43697
3284,3284,55.996933
3285,3285,55.87263
3286,3286,63.08685
3287,3287,68.86792
3288,3288,49.04247
3289,3289,66.23428
3290,3290,31.482388
3291,3291,77.53416
3292,3292,22.666977
3293,3293,80.854164
3294,3294,57.694553
3295,3295,66.3222
3296,3296,63.357765
3297,3297,21.701736
3298,3298,66.88091
3299,3299,20.584425
3300,3300,73.68859
3301,3301,28.864964
3302,3302,58.468594
3303,3303,50.922817
3304,3304,57.6146
3305,3305,88.705864
3306,3306,68.93207
3307,3307,66.33958
3308,3308,71.60512
3309,3309,24.724928
3310,3310,30.958273
3311,3311,62.384537
3312,3312,59.36086
3313,3313,40.29225
3314,3314,56.941547
3315,3315,57.813183
3316,3316,51.99481
3317,3317,73.05198
3318,3318,50.60671
3319,3319,33.059673
3320,3320,55.097115
3321,3321,63.955067
3322,3322,70.55029
3323,3323,35.00476
3324,3324,58.827625
3325,3325,47.598373
3326,3326,76.16509
3327,3327,52.4192
3328,3328,64.75607
3329,3329,56.264034
3330,3330,42.872726
3331,3331,63.42319
3332,3332,83.91497
3333,3333,46.8069
3334,3334,69.49786
3335,3335,31.318039
3336,3336,69.76143
3337,3337,55.37687
3338,3338,53.832047
3339,3339,82.14267
3340,3340,39.17364
3341,3341,34.32193
3342,3342,91.08557
3343,3343,87.6571
3344,3344,84.277115
3345,3345,25.391422
3346,3346,40.214417
3347,3347,93.63037
3348,3348,68.334206
3349,3349,60.43846
3350,3350,23.09179
3351,3351,33.336308
3352,3352,63.827785
3353,3353,43.652332
3354,3354,24.903782
3355,3355,23.138393
3356,3356,36.609406
3357,3357,60.39341
3358,3358,22.365978
3359,3359,57.49512
3360,3360,60.36784
3361,3361,69.225876
3362,3362,30.88831
3363,3363,24.455257
3364,3364,67.40549
3365,3365,24.819633
3366,3366,55.30367
3367,3367,19.652231
3368,3368,26.57844
3369,3369,19.512608
3370,3370,67.3841
3371,3371,42.490776
3372,3372,49.188564
3373,3373,37.11482
3374,3374,70.76879
3375,3375,41.83833
3376,3376,46.76188
3377,3377,69.83506
3378,3378,17.983282
3379,3379,49.904766
3380,3380,55.096382
3381,3381,53.45155
3382,3382,65.82151
3383,3383,28.379564
3384,3384,69.14981
3385,3385,19.957731
3386,3386,81.36506
3387,3387,20.939608
3388,3388,54.58066
3389,3389,64.62349
3390,3390,24.609018
3391,3391,20.573254
3392,3392,58.487362
3393,3393,56.025948
3394,3394,66.71662
3395,3395,26.605076
3396,3396,35.011215
3397,3397,53.131176
3398,3398,96.44127
3399,3399,57.184574
3400,3400,57.08769
3401,3401,74.30799
3402,3402,86.369545
3403,3403,86.60096
3404,3404,28.723585
3405,3405,42.52787
3406,3406,57.895298
3407,3407,85.71897
3408,3408,45.098885
3409,3409,22.902857
3410,3410,73.84844
3411,3411,52.56252
3412,3412,75.42925
3413,3413,70.361046
3414,3414,73.02109
3415,3415,52.66227
3416,3416,56.254467
3417,3417,30.36281
3418,3418,35.130947
3419,3419,62.31086
3420,3420,63.1178
3421,3421,35.56561
3422,3422,23.07541
3423,3423,35.360905
3424,3424,65.13033
3425,3425,21.742226
3426,3426,37.44281
3427,3427,61.812298
3428,3428,61.098186
3429,3429,73.22114
3430,3430,38.83634
3431,3431,79.171135
3432,3432,60.65799
3433,3433,61.49165
3434,3434,54.606647
3435,3435,70.55631
3436,3436,33.55464
3437,3437,64.10422
3438,3438,20.010876
3439,3439,43.02024
3440,3440,59.692684
3441,3441,65.83535
3442,3442,80.17122
3443,3443,36.93218
3444,3444,63.58815
3445,3445,37.676174
3446,3446,62.726833
3447,3447,71.68252
3448,3448,71.85926
3449,3449,64.38106
3450,3450,49.66415
3451,3451,63.97199
3452,3452,80.92679
3453,3453,90.01672
3454,3454,65.10069
3455,3455,30.721216
3456,3456,27.519232
3457,3457,59.12581
3458,3458,33.210262
3459,3459,50.37684
3460,3460,58.45913
3461,3461,43.624493
3462,3462,29.962896
3463,3463,66.897
3464,3464,65.41684
3465,3465,24.028608
3466,3466,28.2706
3467,3467,40.67507
3468,3468,89.70789
3469,3469,25.424795
3470,3470,24.462105
3471,3471,79.34572
3472,3472,58.212517
3473,3473,69.41949
3474,3474,73.80754
3475,3475,71.64844
3476,3476,19.284803
3477,3477,89.041374
3478,3478,21.314198
3479,3479,59.114178
3480,3480,50.149223
3481,3481,53.198845
3482,3482,31.177382
3483,3483,66.77182
3484,3484,51.385838
3485,3485,49.165794
3486,3486,49.117783
3487,3487,26.115242
3488,3488,90.055145
3489,3489,51.81044
3490,3490,53.298164
3491,3491,32.729965
3492,3492,50.701057
3493,3493,28.600702
3494,3494,62.706486
3495,3495,52.72915
3496,3496,64.68049
3497,3497,26.891455
3498,3498,45.676918
3499,3499,47.34519
3500,3500,41.665054
3501,3501,40.407482
3502,3502,29.033989
3503,3503,73.56702
3504,3504,16.056072
3505,3505,48.190323
3506,3506,60.95282
3507,3507,57.268887
3508,3508,52.89217
3509,3509,58.78584
3510,3510,43.871647
3511,3511,27.534197
3512,3512,57.623512
3513,3513,83.96532
3514,3514,30.643135
3515,3515,59.32959
3516,3516,25.653961
3517,3517,25.365526
3518,3518,58.711426
3519,3519,54.13529
3520,3520,79.393036
3521,3521,41.157543
3522,3522,20.745407
3523,3523,47.029858
3524,3524,47.711906
3525,3525,67.826225
3526,3526,68.83445
3527,3527,29.974173
3528,3528,72.67888
3529,3529,24.480944
3530,3530,51.490078
3531,3531,58.54538
3532,3532,38.349594
3533,3533,20.090605
3534,3534,101.792366
3535,3535,63.666916
3536,3536,67.27361
3537,3537,76.35138
3538,3538,54.060783
3539,3539,58.1867
3540,3540,65.34552
3541,3541,70.15918
3542,3542,43.27102
3543,3543,69.48058
3544,3544,71.48047
3545,3545,55.89254
3546,3546,28.185326
3547,3547,90.75703
3548,3548,34.640453
3549,3549,52.04482
3550,3550,63.30886
3551,3551,57.758755
3552,3552,72.78516
3553,3553,42.16379
3554,3554,21.2125
3555,3555,56.266216
3556,3556,66.21151
3557,3557,67.61261
3558,3558,24.984957
3559,3559,63.868683
3560,3560,26.67333
3561,3561,70.84428
3562,3562,56.96118
3563,3563,50.005264
3564,3564,70.022606
3565,3565,40.933487
3566,3566,64.77526
3567,3567,49.89893
3568,3568,66.03206
3569,3569,34.33993
3570,3570,28.09143
3571,3571,56.850155
3572,3572,20.134527
3573,3573,73.542786
3574,3574,67.86746
3575,3575,61.962772
3576,3576,61.761
3577,3577,49.650204
3578,3578,37.388706
3579,3579,43.872902
3580,3580,47.716236
3581,3581,69.39604
3582,3582,55.315907
3583,3583,18.755692
3584,3584,54.314106
3585,3585,79.23683
3586,3586,28.504473
3587,3587,49.72236
3588,3588,37.94669
3589,3589,68.04324
3590,3590,63.061245
3591,3591,49.761353
3592,3592,60.809788
3593,3593,30.188494
3594,3594,65.73418
3595,3595,16.147285
3596,3596,44.034313
3597,3597,60.481747
3598,3598,65.30497
3599,3599,15.704395
3600,3600,35.40561
3601,3601,32.358932
3602,3602,67.070946
3603,3603,48.23179
3604,3604,43.837643
3605,3605,60.75445
3606,3606,62.34954
3607,3607,22.316502
3608,3608,62.454525
3609,3609,63.54944
3610,3610,57.154514
3611,3611,55.708122
3612,3612,57.958725
3613,3613,47.187202
3614,3614,25.391748
3615,3615,63.488224
3616,3616,43.56535
3617,3617,30.146215
3618,3618,53.45561
3619,3619,42.33
3620,3620,55.073067
3621,3621,58.534824
3622,3622,75.80064
3623,3623,66.88427
3624,3624,66.362175
3625,3625,29.138912
3626,3626,82.96814
3627,3627,31.058315
3628,3628,55.016895
3629,3629,47.334003
3630,3630,61.255775
3631,3631,63.22301
3632,3632,44.881542
3633,3633,67.21606
3634,3634,72.235886
3635,3635,59.67333
3636,3636,36.14888
3637,3637,98.545815
3638,3638,48.79641
3639,3639,63.10195
3640,3640,59.57161
3641,3641,78.558876
3642,3642,43.412403
3643,3643,71.239075
3644,3644,56.270294
3645,3645,56.249687
3646,3646,86.44623
3647,3647,26.719156
3648,3648,56.381557
3649,3649,56.84951
3650,3650,59.69344
3651,3651,27.900436
3652,3652,67.61506
3653,3653,63.06679
3654,3654,25.010841
3655,3655,68.22357
3656,3656,58.319313
3657,3657,59.161423
3658,3658,66.06663
3659,3659,73.684204
3660,3660,66.01464
3661,3661,19.776691
3662,3662,77.28933
3663,3663,65.7431
3664,3664,19.484251
3665,3665,23.293827
3666,3666,28.694225
3667,3667,69.13475
3668,3668,50.976967
3669,3669,19.513247
3670,3670,52.943497
3671,3671,67.515656
3672,3672,23.675375
3673,3673,44.687904
3674,3674,68.09162
3675,3675,80.91615
3676,3676,71.67556
3677,3677,83.50946
3678,3678,31.76461
3679,3679,55.54917
3680,3680,30.708605
3681,3681,69.27972
3682,3682,63.77983
3683,3683,54.936943
3684,3684,63.22511
3685,3685,58.115044
3686,3686,35.9006
3687,3687,69.58027
3688,3688,61.581207
3689,3689,48.07637
3690,3690,74.70914
3691,3691,50.90036
3692,3692,53.151604
3693,3693,22.19796
3694,3694,81.66068
3695,3695,50.17523
3696,3696,52.438786
3697,3697,64.84555
3698,3698,26.602192
3699,3699,28.770311
3700,3700,47.001476
3701,3701,51.370358
3702,3702,93.141136
3703,3703,42.604263
3704,3704,51.25237
3705,3705,20.894667
3706,3706,50.26214
3707,3707,64.009186
3708,3708,52.635513
3709,3709,18.322565
3710,3710,27.188454
3711,3711,57.37973
3712,3712,58.031326
3713,3713,51.71879
3714,3714,59.14421
3715,3715,41.563877
3716,3716,60.575356
3717,3717,22.924894
3718,3718,77.9269
3719,3719,74.50076
3720,3720,41.978928
3721,3721,74.838684
3722,3722,69.075775
3723,3723,55.31914
3724,3724,24.663229
3725,3725,65.32987
3726,3726,78.54815
3727,3727,32.88017
3728,3728,67.04712
3729,3729,57.125072
3730,3730,33.053455
3731,3731,62.302658
3732,3732,24.079084
3733,3733,54.912502
3734,3734,32.5155
3735,3735,25.279673
3736,3736,88.552246
3737,3737,37.162266
3738,3738,38.374382
3739,3739,69.930664
3740,3740,67.06365
3741,3741,40.477943
3742,3742,64.8897
3743,3743,38.434837
3744,3744,57.60473
3745,3745,66.24714
3746,3746,66.93322
3747,3747,60.684776
3748,3748,66.55055
3749,3749,57.048042
3750,3750,63.998257
3751,3751,61.916393
3752,3752,34.118927
3753,3753,36.013092
3754,3754,23.93919
3755,3755,72.3488
3756,3756,55.373966
3757,3757,68.13234
3758,3758,36.632305
3759,3759,66.65538
3760,3760,59.854656
3761,3761,61.254753
3762,3762,60.262924
3763,3763,54.85236
3764,3764,84.67192
3765,3765,52.568264
3766,3766,52.470226
3767,3767,54.576996
3768,3768,27.353844
3769,3769,89.8418
3770,3770,63.817123
3771,3771,81.83544
3772,3772,73.570366
3773,3773,51.160378
3774,3774,63.428783
3775,3775,74.13592
3776,3776,49.0053
3777,3777,70.29621
3778,3778,54.274307
3779,3779,53.07945
3780,3780,24.41481
3781,3781,27.2378
3782,3782,57.37949
3783,3783,71.57417
3784,3784,62.518223
3785,3785,20.856014
3786,3786,64.25862
3787,3787,49.415627
3788,3788,65.67861
3789,3789,68.59749
3790,3790,44.556038
3791,3791,68.392044
3792,3792,56.398148
3793,3793,65.97159
3794,3794,76.81958
3795,3795,57.99998
3796,3796,74.196526
3797,3797,45.76937
3798,3798,62.12203
3799,3799,57.94
3800,3800,42.924183
3801,3801,52.804653
3802,3802,21.019049
3803,3803,51.571453
3804,3804,24.768816
3805,3805,55.765728
3806,3806,57.587406
3807,3807,69.863266
3808,3808,58.529648
3809,3809,27.777403
3810,3810,22.990517
3811,3811,82.95847
3812,3812,63.70344
3813,3813,72.38452
3814,3814,60.337833
3815,3815,26.382303
3816,3816,30.016123
3817,3817,56.15115
3818,3818,37.60424
3819,3819,40.629562
3820,3820,25.960384
3821,3821,34.588997
3822,3822,20.322893
3823,3823,57.01492
3824,3824,60.13363
3825,3825,70.08789
3826,3826,32.082726
3827,3827,63.878197
3828,3828,66.64752
3829,3829,40.405067
3830,3830,57.628815
3831,3831,39.747078
3832,3832,75.19334
3833,3833,59.452663
3834,3834,48.50687
3835,3835,69.26985
3836,3836,62.531895
3837,3837,34.4879
3838,3838,58.224636
3839,3839,67.672134
3840,3840,91.55873
3841,3841,60.57956
3842,3842,46.037445
3843,3843,34.282562
3844,3844,52.64063
3845,3845,31.468462
3846,3846,72.17632
3847,3847,50.67881
3848,3848,49.28667
3849,3849,44.44349
3850,3850,38.273598
3851,3851,63.51592
3852,3852,54.149155
3853,3853,57.152107
3854,3854,39.862747
3855,3855,60.8261
3856,3856,36.562305
3857,3857,72.8947
3858,3858,68.168915
3859,3859,34.856056
3860,3860,72.02274
3861,3861,72.62001
3862,3862,55.505234
3863,3863,48.412804
3864,3864,53.68943
3865,3865,68.3829
3866,3866,56.23823
3867,3867,70.59458
3868,3868,61.16177
3869,3869,39.88629
3870,3870,64.567375
3871,3871,67.40482
3872,3872,69.86896
3873,3873,69.38315
3874,3874,28.995548
3875,3875,47.218414
3876,3876,40.498566
3877,3877,61.08194
3878,3878,16.025269
3879,3879,36.553787
3880,3880,67.47444
3881,3881,20.54169
3882,3882,92.12474
3883,3883,40.399815
3884,3884,61.108906
3885,3885,33.41668
3886,3886,70.37583
3887,3887,65.36205
3888,3888,69.72602
3889,3889,57.51728
3890,3890,82.24248
3891,3891,32.625496
3892,3892,28.250313
3893,3893,53.610283
3894,3894,66.84735
3895,3895,64.47323
3896,3896,33.349907
3897,3897,50.54633
3898,3898,63.5986
3899,3899,56.876087
3900,3900,41.2393
3901,3901,65.86514
3902,3902,60.54747
3903,3903,73.97605
3904,3904,58.050026
3905,3905,73.369965
3906,3906,19.335144
3907,3907,63.32503
3908,3908,70.31494
3909,3909,19.736305
3910,3910,72.74169
3911,3911,60.962734
3912,3912,51.232925
3913,3913,59.099167
3914,3914,49.605106
3915,3915,48.908234
3916,3916,18.148287
3917,3917,30.331015
3918,3918,30.528395
3919,3919,64.50366
3920,3920,70.0191
3921,3921,53.525547
3922,3922,62.34062
3923,3923,61.335217
3924,3924,41.87716
3925,3925,98.694984
3926,3926,59.36189
3927,3927,55.473175
3928,3928,36.618793
3929,3929,58.3104
3930,3930,69.199905
3931,3931,23.486979
3932,3932,78.4154
3933,3933,60.753735
3934,3934,21.830553
3935,3935,75.39288
3936,3936,54.07732
3937,3937,34.156864
3938,3938,60.766968
3939,3939,56.88741
3940,3940,19.183374
3941,3941,42.98514
3942,3942,60.541145
3943,3943,31.260798
3944,3944,28.942623
3945,3945,65.559326
3946,3946,26.896265
3947,3947,31.300465
3948,3948,29.27938
3949,3949,53.228714
3950,3950,22.504642
3951,3951,70.63531
3952,3952,51.415943
3953,3953,31.968172
3954,3954,56.781223
3955,3955,76.951385
3956,3956,65.70852
3957,3957,33.77617
3958,3958,68.424255
3959,3959,34.26345
3960,3960,21.293074
3961,3961,80.55161
3962,3962,63.538235
3963,3963,65.33441
3964,3964,47.19558
3965,3965,92.85609
3966,3966,24.642822
3967,3967,73.90542
3968,3968,59.573093
3969,3969,51.51479
3970,3970,41.01983
3971,3971,17.15295
3972,3972,38.149364
3973,3973,59.97585
3974,3974,69.57981
3975,3975,52.654316
3976,3976,65.42609
3977,3977,68.48587
3978,3978,61.13093
3979,3979,56.132347
3980,3980,70.76461
3981,3981,44.828712
3982,3982,33.800514
3983,3983,57.90428
3984,3984,57.67977
3985,3985,41.87433
3986,3986,59.92857
3987,3987,54.23314
3988,3988,64.1256
3989,3989,63.43131
3990,3990,47.930202
3991,3991,30.497355
3992,3992,39.816463
3993,3993,25.737463
3994,3994,29.346691
3995,3995,36.701202
3996,3996,67.15683
3997,3997,75.480644
3998,3998,45.119255
3999,3999,68.246826
4000,4000,80.21651
4001,4001,89.60324
4002,4002,39.784786
4003,4003,68.50109
4004,4004,81.77715
4005,4005,81.86016
4006,4006,70.45091
4007,4007,38.562725
4008,4008,26.910097
4009,4009,34.166504
4010,4010,49.17208
4011,4011,58.94842
4012,4012,45.41958
4013,4013,45.79974
4014,4014,68.01211
4015,4015,37.6161
4016,4016,66.607956
4017,4017,38.04299
4018,4018,62.734196
4019,4019,56.84265
4020,4020,65.09191
4021,4021,37.457478
4022,4022,53.476753
4023,4023,36.78889
4024,4024,67.76253
4025,4025,45.600925
4026,4026,26.043346
4027,4027,58.680473
4028,4028,94.29754
4029,4029,39.40367
4030,4030,25.47328
4031,4031,28.359665
4032,4032,25.817501
4033,4033,69.24571
4034,4034,66.24743
4035,4035,42.322563
4036,4036,32.781067
4037,4037,61.81865
4038,4038,65.32887
4039,4039,52.899967
4040,4040,54.272102
4041,4041,14.691954
4042,4042,61.099194
4043,4043,69.96444
4044,4044,69.08522
4045,4045,30.649317
4046,4046,66.26273
4047,4047,35.74698
4048,4048,30.132528
4049,4049,56.563988
4050,4050,52.314964
4051,4051,74.8528
4052,4052,64.05294
4053,4053,45.082554
4054,4054,47.775665
4055,4055,53.708748
4056,4056,72.06121
4057,4057,43.415787
4058,4058,24.526546
4059,4059,18.095257
4060,4060,57.5421
4061,4061,69.375084
4062,4062,59.14539
4063,4063,47.702988
4064,4064,67.286545
4065,4065,31.794203
4066,4066,69.583305
4067,4067,54.774845
4068,4068,34.20798
4069,4069,34.78547
4070,4070,57.94298
4071,4071,72.00657
4072,4072,39.566322
4073,4073,47.976852
4074,4074,54.931793
4075,4075,62.93868
4076,4076,62.420708
4077,4077,57.14343
4078,4078,40.12421
4079,4079,19.173674
4080,4080,65.55341
4081,4081,63.43688
4082,4082,22.44943
4083,4083,37.748272
4084,4084,57.39954
4085,4085,52.732906
4086,4086,30.469725
4087,4087,53.10864
4088,4088,68.74751
4089,4089,58.581432
4090,4090,77.53216
4091,4091,39.895504
4092,4092,45.33772
4093,4093,83.74053
4094,4094,62.431343
4095,4095,61.543167
4096,4096,20.97171
4097,4097,68.09287
4098,4098,38.112938
4099,4099,25.11879
4100,4100,47.128563
4101,4101,55.613968
4102,4102,51.89985
4103,4103,63.297607
4104,4104,56.729813
4105,4105,43.10336
4106,4106,57.200996
4107,4107,75.348946
4108,4108,57.836918
4109,4109,64.9456
4110,4110,51.5955
4111,4111,56.08849
4112,4112,69.22833
4113,4113,23.10791
4114,4114,64.90579
4115,4115,62.077652
4116,4116,59.634487
4117,4117,73.70867
4118,4118,77.83402
4119,4119,73.906494
4120,4120,64.718544
4121,4121,63.346493
4122,4122,56.13266
4123,4123,44.87043
4124,4124,71.847725
4125,4125,59.858395
4126,4126,53.204945
4127,4127,50.20724
4128,4128,15.220333
4129,4129,47.93572
4130,4130,58.838814
4131,4131,66.392296
4132,4132,15.332137
4133,4133,63.56272
4134,4134,72.34776
4135,4135,56.667046
4136,4136,41.429913
4137,4137,86.074425
4138,4138,81.819214
4139,4139,55.083836
4140,4140,21.362171
4141,4141,66.82931
4142,4142,47.765766
4143,4143,66.170395
4144,4144,58.012222
4145,4145,67.65608
4146,4146,53.150547
4147,4147,57.90215
4148,4148,73.663
4149,4149,59.473675
4150,4150,79.02073
4151,4151,58.824505
4152,4152,20.251627
4153,4153,67.59082
4154,4154,69.93
4155,4155,67.09526
4156,4156,65.14564
4157,4157,28.942358
4158,4158,68.06148
4159,4159,27.1659
4160,4160,20.439457
4161,4161,73.41062
4162,4162,64.45697
4163,4163,39.128834
4164,4164,71.91485
4165,4165,69.266
4166,4166,37.87342
4167,4167,54.463593
4168,4168,24.311098
4169,4169,46.200016
4170,4170,61.61111
4171,4171,65.30073
4172,4172,56.888477
4173,4173,36.727272
4174,4174,21.602362
4175,4175,68.84911
4176,4176,90.43863
4177,4177,75.17319
4178,4178,53.436268
4179,4179,59.314922
4180,4180,32.130943
4181,4181,30.547707
4182,4182,57.396336
4183,4183,46.303707
4184,4184,61.72766
4185,4185,75.05134
4186,4186,64.970634
4187,4187,56.089508
4188,4188,52.969044
4189,4189,48.857338
4190,4190,50.219337
4191,4191,73.64832
4192,4192,60.62299
4193,4193,25.71811
4194,4194,71.06224
4195,4195,48.47287
4196,4196,69.17143
4197,4197,37.103397
4198,4198,78.78444
4199,4199,23.58009
4200,4200,71.72014
4201,4201,59.59118
4202,4202,59.79654
4203,4203,78.108345
4204,4204,56.68425
4205,4205,67.43281
4206,4206,44.437836
4207,4207,58.66935
4208,4208,56.51918
4209,4209,68.200424
4210,4210,20.001297
4211,4211,63.641933
4212,4212,39.280327
4213,4213,19.053335
4214,4214,67.710785
4215,4215,59.892563
4216,4216,52.59005
4217,4217,70.772194
4218,4218,46.500774
4219,4219,62.640133
4220,4220,66.437195
4221,4221,34.781994
4222,4222,18.324669
4223,4223,32.667988
4224,4224,19.390348
4225,4225,57.17995
4226,4226,65.3992
4227,4227,61.273525
4228,4228,25.781507
4229,4229,26.355425
4230,4230,74.13873
4231,4231,70.94724
4232,4232,25.203012
4233,4233,65.82549
4234,4234,55.94837
4235,4235,64.39577
4236,4236,55.73706
4237,4237,51.192513
4238,4238,66.50134
4239,4239,57.49226
4240,4240,31.123533
4241,4241,33.28602
4242,4242,49.99493
4243,4243,82.496735
4244,4244,70.10921
4245,4245,60.904564
4246,4246,29.492311
4247,4247,51.761005
4248,4248,69.62886
4249,4249,70.92827
4250,4250,19.980532
4251,4251,34.397297
4252,4252,64.27477
4253,4253,18.689634
4254,4254,62.747753
4255,4255,48.446064
4256,4256,27.682655
4257,4257,53.361774
4258,4258,58.88255
4259,4259,71.569664
4260,4260,20.092485
4261,4261,22.890963
4262,4262,46.530952
4263,4263,12.977502
4264,4264,26.108553
4265,4265,71.93241
4266,4266,36.99673
4267,4267,40.345253
4268,4268,63.72149
4269,4269,43.72534
4270,4270,68.71176
4271,4271,50.731567
4272,4272,80.26453
4273,4273,53.151897
4274,4274,34.742508
4275,4275,47.442852
4276,4276,37.870056
4277,4277,64.56618
4278,4278,78.96339
4279,4279,32.809933
4280,4280,22.376448
4281,4281,64.19305
4282,4282,74.7379
4283,4283,75.12439
4284,4284,58.233986
4285,4285,69.929596
4286,4286,42.194725
4287,4287,20.617298
4288,4288,55.010384
4289,4289,41.07711
4290,4290,34.08496
4291,4291,54.276905
4292,4292,23.867023
4293,4293,41.771847
4294,4294,57.73561
4295,4295,24.314522
4296,4296,22.121277
4297,4297,49.136612
4298,4298,80.20409
4299,4299,70.146805
4300,4300,33.96958
4301,4301,51.361794
4302,4302,68.093666
4303,4303,64.93986
4304,4304,61.32606
4305,4305,50.19281
4306,4306,34.74073
4307,4307,48.74638
4308,4308,36.214733
4309,4309,52.344265
4310,4310,64.75361
4311,4311,29.655355
4312,4312,32.429928
4313,4313,22.648659
4314,4314,51.980713
4315,4315,24.959726
4316,4316,61.455162
4317,4317,56.664352
4318,4318,70.332565
4319,4319,52.929665
4320,4320,81.08445
4321,4321,55.160812
4322,4322,77.94515
4323,4323,77.31605
4324,4324,59.29492
4325,4325,69.8379
4326,4326,22.921906
4327,4327,43.040894
4328,4328,67.197876
4329,4329,23.501312
4330,4330,84.174965
4331,4331,69.37958
4332,4332,72.490456
4333,4333,30.80911
4334,4334,59.3868
4335,4335,59.380207
4336,4336,30.262926
4337,4337,70.96901
4338,4338,61.31021
4339,4339,19.83569
4340,4340,59.389256
4341,4341,59.371624
4342,4342,64.236725
4343,4343,78.63951
4344,4344,31.903471
4345,4345,59.806396
4346,4346,30.922169
4347,4347,29.392218
4348,4348,62.53505
4349,4349,25.584751
4350,4350,57.956127
4351,4351,66.06946
4352,4352,35.51783
4353,4353,64.490395
4354,4354,63.645084
4355,4355,74.080444
4356,4356,37.837994
4357,4357,51.882236
4358,4358,61.95441
4359,4359,27.58788
4360,4360,41.72415
4361,4361,16.597536
4362,4362,28.476343
4363,4363,55.023075
4364,4364,48.937016
4365,4365,61.883533
4366,4366,84.17655
4367,4367,72.97029
4368,4368,23.79319
4369,4369,27.421824
4370,4370,47.770058
4371,4371,36.375233
4372,4372,61.98166
4373,4373,63.58039
4374,4374,61.244278
4375,4375,69.38607
4376,4376,57.759243
4377,4377,41.21078
4378,4378,68.74038
4379,4379,54.475754
4380,4380,29.976118
4381,4381,47.38917
4382,4382,71.205925
4383,4383,61.47775
4384,4384,83.967896
4385,4385,70.09742
4386,4386,79.67884
4387,4387,58.1299
4388,4388,38.29535
4389,4389,57.81761
4390,4390,58.5771
4391,4391,28.4027
4392,4392,49.285854
4393,4393,15.361226
4394,4394,86.23863
4395,4395,49.595974
4396,4396,58.214718
4397,4397,28.938715
4398,4398,25.290518
4399,4399,47.016384
4400,4400,56.330593
4401,4401,53.274143
4402,4402,47.08645
4403,4403,49.38519
4404,4404,57.224907
4405,4405,74.578545
4406,4406,68.08327
4407,4407,58.727093
4408,4408,96.58888
4409,4409,26.50945
4410,4410,70.90119
4411,4411,45.570145
4412,4412,16.2685
4413,4413,73.53984
4414,4414,29.805847
4415,4415,69.91021
4416,4416,57.317116
4417,4417,62.645763
4418,4418,23.432333
4419,4419,81.08081
4420,4420,19.431599
4421,4421,63.771465
4422,4422,60.960487
4423,4423,71.65534
4424,4424,55.380104
4425,4425,61.374306
4426,4426,58.56818
4427,4427,33.675686
4428,4428,32.45231
4429,4429,56.30355
4430,4430,62.520245
4431,4431,31.42417
4432,4432,62.580334
4433,4433,67.426956
4434,4434,73.38296
4435,4435,27.727947
4436,4436,89.04385
4437,4437,33.8248
4438,4438,23.790545
4439,4439,25.96301
4440,4440,34.266148
4441,4441,69.070076
4442,4442,37.2647
4443,4443,76.53947
4444,4444,76.235855
4445,4445,55.347015
4446,4446,58.488388
4447,4447,61.385563
4448,4448,21.362093
4449,4449,88.30836
4450,4450,60.602943
4451,4451,76.80764
4452,4452,53.16175
4453,4453,63.940193
4454,4454,73.89749
4455,4455,66.83729
4456,4456,71.19019
4457,4457,70.78078
4458,4458,43.41353
4459,4459,61.791214
4460,4460,75.80675
4461,4461,48.00376
4462,4462,56.34019
4463,4463,58.765846
4464,4464,56.442272
4465,4465,27.840149
4466,4466,58.765594
4467,4467,71.87776
4468,4468,63.2794
4469,4469,46.44434
4470,4470,52.57882
4471,4471,51.08581
4472,4472,24.546356
4473,4473,72.94689
4474,4474,37.38794
4475,4475,58.264168
4476,4476,34.95041
4477,4477,64.77498
4478,4478,69.028885
4479,4479,82.86563
4480,4480,69.17195
4481,4481,19.935295
4482,4482,35.25212
4483,4483,84.12817
4484,4484,64.03657
4485,4485,45.084496
4486,4486,45.77622
4487,4487,67.52842
4488,4488,67.18541
4489,4489,65.425766
4490,4490,28.44853
4491,4491,60.336105
4492,4492,18.078693
4493,4493,26.53713
4494,4494,70.49748
4495,4495,51.433712
4496,4496,57.11095
4497,4497,63.620747
4498,4498,49.38451
4499,4499,42.15467
4500,4500,58.48286
4501,4501,27.73246
4502,4502,71.64374
4503,4503,47.826313
4504,4504,58.538227
4505,4505,68.186226
4506,4506,39.104847
4507,4507,76.945786
4508,4508,48.994488
4509,4509,75.51006
4510,4510,49.359318
4511,4511,71.28209
4512,4512,68.723335
4513,4513,62.73775
4514,4514,53.09559
4515,4515,18.314203
4516,4516,55.03355
4517,4517,67.11681
4518,4518,26.657385
4519,4519,22.855904
4520,4520,60.743202
4521,4521,35.632008
4522,4522,66.83355
4523,4523,45.445934
4524,4524,59.212273
4525,4525,66.66803
4526,4526,26.74786
4527,4527,30.504204
4528,4528,35.977818
4529,4529,25.414198
4530,4530,88.4359
4531,4531,77.91336
4532,4532,26.776876
4533,4533,65.142746
4534,4534,54.515823
4535,4535,70.25835
4536,4536,44.741093
4537,4537,66.74588
4538,4538,28.024733
4539,4539,72.74701
4540,4540,38.008694
4541,4541,27.585352
4542,4542,67.65677
4543,4543,51.128185
4544,4544,19.082392
4545,4545,53.956455
4546,4546,59.93884
4547,4547,49.29836
4548,4548,52.85485
4549,4549,60.013466
4550,4550,58.784786
4551,4551,24.59068
4552,4552,18.843328
4553,4553,60.700264
4554,4554,52.30437
4555,4555,48.027637
4556,4556,50.331364
4557,4557,65.34353
4558,4558,22.336218
4559,4559,30.531698
4560,4560,87.326126
4561,4561,26.072786
4562,4562,26.28608
4563,4563,38.25537
4564,4564,55.18967
4565,4565,76.68848
4566,4566,35.685272
4567,4567,62.960823
4568,4568,67.0019
4569,4569,65.65714
4570,4570,69.156906
4571,4571,60.9384
4572,4572,20.471102
4573,4573,42.871853
4574,4574,31.48722
4575,4575,52.472454
4576,4576,24.45584
4577,4577,60.20966
4578,4578,28.880487
4579,4579,66.34594
4580,4580,63.476086
4581,4581,27.832394
4582,4582,73.36436
4583,4583,78.14645
4584,4584,54.692924
4585,4585,37.628433
4586,4586,20.396587
4587,4587,59.970135
4588,4588,60.39352
4589,4589,54.880615
4590,4590,48.13639
4591,4591,21.187939
4592,4592,70.10187
4593,4593,29.06934
4594,4594,49.203964
4595,4595,64.4061
4596,4596,53.242382
4597,4597,73.252014
4598,4598,73.74164
4599,4599,18.587997
4600,4600,93.78472
4601,4601,20.109715
4602,4602,74.8501
4603,4603,62.17388
4604,4604,38.89105
4605,4605,81.78733
4606,4606,29.40335
4607,4607,75.75234
4608,4608,36.91371
4609,4609,27.351156
4610,4610,22.196457
4611,4611,62.64352
4612,4612,59.873516
4613,4613,44.36386
4614,4614,61.64048
4615,4615,83.09379
4616,4616,64.83463
4617,4617,20.076574
4618,4618,31.148567
4619,4619,58.73378
4620,4620,36.826515
4621,4621,44.111713
4622,4622,60.012135
4623,4623,74.00234
4624,4624,54.77828
4625,4625,55.963474
4626,4626,69.54848
4627,4627,43.587605
4628,4628,60.304974
4629,4629,61.348083
4630,4630,32.62204
4631,4631,73.39027
4632,4632,67.12036
4633,4633,61.142246
4634,4634,61.629948
4635,4635,71.81259
4636,4636,20.887535
4637,4637,32.97137
4638,4638,58.581768
4639,4639,52.6857
4640,4640,26.340488
4641,4641,61.19863
4642,4642,74.17433
4643,4643,24.02184
4644,4644,57.53544
4645,4645,77.228874
4646,4646,64.35839
4647,4647,49.89231
4648,4648,21.515059
4649,4649,68.39612
4650,4650,61.39245
4651,4651,53.925236
4652,4652,74.86029
4653,4653,20.057901
4654,4654,30.921232
4655,4655,25.4363
4656,4656,29.865604
4657,4657,77.44004
4658,4658,48.19263
4659,4659,20.264181
4660,4660,32.758114
4661,4661,50.460945
4662,4662,37.233223
4663,4663,61.27744
4664,4664,34.38126
4665,4665,60.350414
4666,4666,79.899605
4667,4667,76.56086
4668,4668,66.705696
4669,4669,52.276314
4670,4670,59.73725
4671,4671,69.727165
4672,4672,62.07345
4673,4673,65.606575
4674,4674,69.08135
4675,4675,61.78594
4676,4676,47.154484
4677,4677,69.08679
4678,4678,62.3527
4679,4679,17.91959
4680,4680,18.899836
4681,4681,35.24843
4682,4682,15.168286
4683,4683,60.45193
4684,4684,28.497623
4685,4685,63.135494
4686,4686,53.933563
4687,4687,83.176
4688,4688,62.74305
4689,4689,77.59938
4690,4690,59.053265
4691,4691,61.296112
4692,4692,62.158035
4693,4693,75.73915
4694,4694,24.21677
4695,4695,21.033447
4696,4696,67.62336
4697,4697,47.486706
4698,4698,57.029587
4699,4699,68.16651
4700,4700,73.109566
4701,4701,67.82222
4702,4702,25.083529
4703,4703,28.48393
4704,4704,48.009457
4705,4705,42.866028
4706,4706,68.545906
4707,4707,72.2572
4708,4708,55.530537
4709,4709,72.7144
4710,4710,74.4121
4711,4711,32.29429
4712,4712,44.74207
4713,4713,77.69367
4714,4714,29.207432
4715,4715,52.22415
4716,4716,41.842567
4717,4717,55.06103
4718,4718,71.20533
4719,4719,52.485977
4720,4720,62.37838
4721,4721,63.907536
4722,4722,38.02657
4723,4723,41.54238
4724,4724,38.367638
4725,4725,62.323383
4726,4726,38.622444
4727,4727,30.489193
4728,4728,69.1389
4729,4729,94.73875
4730,4730,34.702415
4731,4731,24.402985
4732,4732,36.931614
4733,4733,65.78609
4734,4734,59.97387
4735,4735,56.099567
4736,4736,56.70149
4737,4737,30.321867
4738,4738,74.06056
4739,4739,69.8004
4740,4740,43.473907
4741,4741,61.549126
4742,4742,49.965656
4743,4743,37.89547
4744,4744,71.12962
4745,4745,60.584255
4746,4746,44.366966
4747,4747,58.870968
4748,4748,35.90391
4749,4749,66.140755
4750,4750,46.11912
4751,4751,67.24943
4752,4752,28.339775
4753,4753,28.607578
4754,4754,61.401314
4755,4755,54.967236
4756,4756,84.789925
4757,4757,42.298183
4758,4758,41.823246
4759,4759,60.75143
4760,4760,62.298622
4761,4761,18.40127
4762,4762,37.438766
4763,4763,60.907955
4764,4764,53.29285
4765,4765,33.47023
4766,4766,34.87807
4767,4767,44.300865
4768,4768,64.898094
4769,4769,55.31744
4770,4770,53.311184
4771,4771,68.8333
4772,4772,68.714294
4773,4773,67.04783
4774,4774,46.07904
4775,4775,52.947533
4776,4776,57.60737
4777,4777,60.16926
4778,4778,67.83976
4779,4779,66.993546
4780,4780,28.676815
4781,4781,62.79287
4782,4782,85.6855
4783,4783,52.94805
4784,4784,20.21361
4785,4785,50.772728
4786,4786,60.226738
4787,4787,60.97492
4788,4788,49.54903
4789,4789,30.128027
4790,4790,24.660025
4791,4791,93.358055
4792,4792,70.86575
4793,4793,48.404316
4794,4794,48.11309
4795,4795,32.59143
4796,4796,51.529312
4797,4797,58.40062
4798,4798,71.090706
4799,4799,58.381935
4800,4800,71.316154
4801,4801,63.12028
4802,4802,19.112946
4803,4803,35.754276
4804,4804,22.606817
4805,4805,30.49065
4806,4806,64.5463
4807,4807,40.923016
4808,4808,27.955456
4809,4809,60.961094
4810,4810,54.63308
4811,4811,51.15661
4812,4812,80.89958
4813,4813,57.801876
4814,4814,22.304848
4815,4815,76.02041
4816,4816,76.44796
4817,4817,55.442116
4818,4818,50.84631
4819,4819,52.713963
4820,4820,24.932135
4821,4821,28.018019
4822,4822,68.215096
4823,4823,21.296545
4824,4824,61.529522
4825,4825,67.40721
4826,4826,65.01566
4827,4827,68.1401
4828,4828,65.80212
4829,4829,58.264107
4830,4830,33.71559
4831,4831,84.46593
4832,4832,38.633106
4833,4833,58.126614
4834,4834,47.837708
4835,4835,56.234814
4836,4836,74.49123
4837,4837,24.077074
4838,4838,59.97908
4839,4839,58.977345
4840,4840,59.885384
4841,4841,40.751667
4842,4842,58.47421
4843,4843,85.17145
4844,4844,28.739002
4845,4845,41.510025
4846,4846,61.43
4847,4847,21.037043
4848,4848,64.56259
4849,4849,55.337902
4850,4850,47.90851
4851,4851,61.18369
4852,4852,75.253716
4853,4853,60.09576
4854,4854,47.163525
4855,4855,54.234913
4856,4856,38.826736
4857,4857,47.08485
4858,4858,58.918594
4859,4859,64.890305
4860,4860,55.451233
4861,4861,64.99764
4862,4862,30.098001
4863,4863,44.863503
4864,4864,81.69355
4865,4865,61.718998
4866,4866,77.41364
4867,4867,55.788074
4868,4868,84.694
4869,4869,58.27365
4870,4870,63.27912
4871,4871,79.85238
4872,4872,34.351788
4873,4873,54.815857
4874,4874,54.115498
4875,4875,26.392017
4876,4876,60.79956
4877,4877,57.872746
4878,4878,29.498903
4879,4879,68.18446
4880,4880,77.472916
4881,4881,58.33065
4882,4882,66.600006
4883,4883,30.18871
4884,4884,63.992863
4885,4885,67.296555
4886,4886,76.91899
4887,4887,50.950493
4888,4888,64.68791
4889,4889,57.24579
4890,4890,64.027374
4891,4891,71.99543
4892,4892,55.190506
4893,4893,37.81758
4894,4894,51.081448
4895,4895,24.430578
4896,4896,22.799133
4897,4897,59.471603
4898,4898,73.38195
4899,4899,52.351006
4900,4900,67.16328
4901,4901,48.640255
4902,4902,35.282024
4903,4903,19.769106
4904,4904,61.744667
4905,4905,66.682945
4906,4906,48.049004
4907,4907,66.14882
4908,4908,58.2346
4909,4909,61.047474
4910,4910,53.53416
4911,4911,63.81386
4912,4912,49.872593
4913,4913,59.813942
4914,4914,32.992332
4915,4915,11.795635
4916,4916,40.103752
4917,4917,64.38368
4918,4918,19.169655
4919,4919,68.27806
4920,4920,17.845957
4921,4921,21.0164
4922,4922,51.95798
4923,4923,67.06012
4924,4924,86.30798
4925,4925,63.548306
4926,4926,17.831366
4927,4927,77.23302
4928,4928,52.955788
4929,4929,55.824146
4930,4930,23.346663
4931,4931,73.987206
4932,4932,72.925575
4933,4933,50.799004
4934,4934,85.895325
4935,4935,61.601463
4936,4936,48.128017
4937,4937,66.652664
4938,4938,26.549044
4939,4939,27.262651
4940,4940,58.146347
4941,4941,23.007933
4942,4942,49.994858
4943,4943,59.052048
4944,4944,55.084236
4945,4945,56.30622
4946,4946,47.45224
4947,4947,91.673904
4948,4948,62.265656
4949,4949,55.318783
4950,4950,57.218334
4951,4951,47.699917
4952,4952,34.878464
4953,4953,40.772217
4954,4954,57.769146
4955,4955,69.6953
4956,4956,15.604085
4957,4957,88.39111
4958,4958,54.849358
4959,4959,23.558447
4960,4960,71.57495
4961,4961,64.652466
4962,4962,71.003784
4963,4963,70.474976
4964,4964,56.59939
4965,4965,53.60748
4966,4966,62.804127
4967,4967,48.02472
4968,4968,66.80629
4969,4969,58.393566
4970,4970,21.826254
4971,4971,70.62072
4972,4972,65.44078
4973,4973,43.58273
4974,4974,69.018166
4975,4975,68.52449
4976,4976,64.52507
4977,4977,28.521599
4978,4978,39.963146
4979,4979,29.225273
4980,4980,31.75565
4981,4981,68.03166
4982,4982,69.60797
4983,4983,21.260042
4984,4984,75.89289
4985,4985,19.591305
4986,4986,59.935135
4987,4987,62.167233
4988,4988,66.093925
4989,4989,29.344717
4990,4990,59.685543
4991,4991,61.661366
4992,4992,78.604065
4993,4993,23.909193
4994,4994,67.50703
4995,4995,62.95049
4996,4996,36.25493
4997,4997,41.24758
4998,4998,52.729748
4999,4999,53.990536
5000,5000,47.9832
5001,5001,61.299488
5002,5002,44.12701
5003,5003,21.48364
5004,5004,63.318924
5005,5005,56.727207
5006,5006,47.522263
5007,5007,23.507267
5008,5008,22.383978
5009,5009,57.112324
5010,5010,60.48266
5011,5011,15.608807
5012,5012,57.167206
5013,5013,69.21143
5014,5014,31.922092
5015,5015,49.59271
5016,5016,37.58777
5017,5017,27.99835
5018,5018,49.643818
5019,5019,49.462612
5020,5020,82.89563
5021,5021,72.13376
5022,5022,70.8968
5023,5023,63.59129
5024,5024,59.26833
5025,5025,67.62621
5026,5026,73.64651
5027,5027,59.64053
5028,5028,68.85068
5029,5029,27.182613
5030,5030,81.51722
5031,5031,66.062126
5032,5032,55.514145
5033,5033,59.978195
5034,5034,59.410362
5035,5035,72.91906
5036,5036,67.09495
5037,5037,59.160088
5038,5038,75.843346
5039,5039,19.291466
5040,5040,63.8418
5041,5041,57.725586
5042,5042,63.199074
5043,5043,64.732574
5044,5044,26.843811
5045,5045,68.872536
5046,5046,64.88709
5047,5047,50.679165
5048,5048,25.964958
5049,5049,62.627136
5050,5050,54.81622
5051,5051,26.46588
5052,5052,49.666298
5053,5053,59.845654
5054,5054,53.404297
5055,5055,52.78736
5056,5056,57.13576
5057,5057,51.04353
5058,5058,25.811209
5059,5059,18.841642
5060,5060,43.040653
5061,5061,62.366985
5062,5062,62.99677
5063,5063,58.737457
5064,5064,68.07874
5065,5065,65.60303
5066,5066,30.769314
5067,5067,25.34651
5068,5068,54.57687
5069,5069,27.92595
5070,5070,15.740795
5071,5071,67.28666
5072,5072,59.82091
5073,5073,20.499212
5074,5074,56.75571
5075,5075,60.444588
5076,5076,68.44632
5077,5077,74.5819
5078,5078,71.447075
5079,5079,18.894476
5080,5080,51.08019
5081,5081,66.0201
5082,5082,63.691116
5083,5083,60.450497
5084,5084,50.07825
5085,5085,57.92032
5086,5086,62.278072
5087,5087,47.959538
5088,5088,75.29008
5089,5089,64.5818
5090,5090,57.395977
5091,5091,65.13174
5092,5092,29.528635
5093,5093,54.1136
5094,5094,47.155224
5095,5095,28.728191
5096,5096,34.833744
5097,5097,31.35912
5098,5098,67.42599
5099,5099,36.270947
5100,5100,66.48056
5101,5101,54.27166
5102,5102,71.23629
5103,5103,66.80705
5104,5104,40.125248
5105,5105,61.25942
5106,5106,59.81588
5107,5107,30.884241
5108,5108,20.902342
5109,5109,64.61508
5110,5110,40.62534
5111,5111,30.330137
5112,5112,70.20944
5113,5113,21.254984
5114,5114,64.94325
5115,5115,62.915035
5116,5116,32.154957
5117,5117,24.847902
5118,5118,49.348816
5119,5119,55.993546
5120,5120,59.525143
5121,5121,23.14372
5122,5122,64.23481
5123,5123,58.12556
5124,5124,37.510426
5125,5125,69.17633
5126,5126,72.61129
5127,5127,18.10636
5128,5128,38.400223
5129,5129,63.0375
5130,5130,63.630363
5131,5131,69.01151
5132,5132,25.441776
5133,5133,76.59525
5134,5134,58.875057
5135,5135,39.946068
5136,5136,66.581055
5137,5137,39.552452
5138,5138,24.22467
5139,5139,34.31073
5140,5140,66.482834
5141,5141,67.73428
5142,5142,68.80597
5143,5143,60.8396
5144,5144,22.563509
5145,5145,62.504562
5146,5146,49.72334
5147,5147,65.02892
5148,5148,55.93092
5149,5149,33.936184
5150,5150,67.77962
5151,5151,76.245735
5152,5152,68.96702
5153,5153,81.16843
5154,5154,51.49304
5155,5155,67.737144
5156,5156,53.31717
5157,5157,85.01368
5158,5158,58.545864
5159,5159,71.949844
5160,5160,15.71967
5161,5161,63.03075
5162,5162,59.198215
5163,5163,55.659348
5164,5164,84.3326
5165,5165,57.974342
5166,5166,57.843754
5167,5167,29.845676
5168,5168,63.303284
5169,5169,33.841427
5170,5170,70.89158
5171,5171,51.214394
5172,5172,67.884865
5173,5173,75.72181
5174,5174,51.800686
5175,5175,31.087326
5176,5176,32.783844
5177,5177,46.80195
5178,5178,49.789646
5179,5179,34.77116
5180,5180,48.479557
5181,5181,19.15167
5182,5182,63.379936
5183,5183,12.723754
5184,5184,54.079506
5185,5185,72.25827
5186,5186,37.58699
5187,5187,30.111736
5188,5188,72.15445
5189,5189,28.860844
5190,5190,66.007576
5191,5191,60.328693
5192,5192,34.682323
5193,5193,44.300964
5194,5194,29.357018
5195,5195,65.391396
5196,5196,35.61068
5197,5197,16.163704
5198,5198,50.702446
5199,5199,81.39831
5200,5200,68.16609
5201,5201,21.697765
5202,5202,32.56038
5203,5203,49.201027
5204,5204,26.712952
5205,5205,60.929867
5206,5206,55.653835
5207,5207,57.44839
5208,5208,72.819756
5209,5209,77.66652
5210,5210,70.10421
5211,5211,57.07817
5212,5212,37.031464
5213,5213,70.12943
5214,5214,21.19841
5215,5215,64.85418
5216,5216,78.123405
5217,5217,61.017452
5218,5218,56.418594
5219,5219,28.001795
5220,5220,53.35731
5221,5221,71.36249
5222,5222,20.334497
5223,5223,82.795364
5224,5224,30.076979
5225,5225,52.109505
5226,5226,25.226841
5227,5227,32.37712
5228,5228,29.223574
5229,5229,43.09253
5230,5230,63.300842
5231,5231,33.16788
5232,5232,64.802025
5233,5233,64.01133
5234,5234,70.04748
5235,5235,56.416145
5236,5236,86.637505
5237,5237,38.494232
5238,5238,44.069366
5239,5239,46.915886
5240,5240,33.767693
5241,5241,24.375593
5242,5242,53.549637
5243,5243,46.982063
5244,5244,61.167076
5245,5245,55.59503
5246,5246,30.49654
5247,5247,53.50853
5248,5248,49.281204
5249,5249,19.227325
5250,5250,74.59751
5251,5251,55.848858
5252,5252,65.83403
5253,5253,63.609585
5254,5254,42.30612
5255,5255,76.21726
5256,5256,23.332838
5257,5257,25.413662
5258,5258,67.27024
5259,5259,69.60554
5260,5260,67.528175
5261,5261,68.55107
5262,5262,83.59636
5263,5263,71.23121
5264,5264,62.290848
5265,5265,31.809324
5266,5266,62.624973
5267,5267,19.235598
5268,5268,53.254787
5269,5269,26.516214
5270,5270,67.23245
5271,5271,56.99529
5272,5272,50.27695
5273,5273,49.854576
5274,5274,68.85223
5275,5275,43.572395
5276,5276,57.472595
5277,5277,33.380836
5278,5278,21.60083
5279,5279,18.49893
5280,5280,25.659653
5281,5281,67.87775
5282,5282,71.0576
5283,5283,64.034546
5284,5284,49.32861
5285,5285,82.26955
5286,5286,83.94995
5287,5287,24.123232
5288,5288,61.450226
5289,5289,21.593277
5290,5290,40.00599
5291,5291,51.32566
5292,5292,25.483778
5293,5293,79.67364
5294,5294,41.274837
5295,5295,63.932663
5296,5296,27.542109
5297,5297,25.135464
5298,5298,28.903719
5299,5299,54.48402
5300,5300,57.342323
5301,5301,65.59086
5302,5302,62.82394
5303,5303,52.433292
5304,5304,51.12603
5305,5305,69.80615
5306,5306,32.495094
5307,5307,51.952114
5308,5308,49.984898
5309,5309,49.43729
5310,5310,19.000189
5311,5311,63.228664
5312,5312,42.430298
5313,5313,61.897045
5314,5314,53.98039
5315,5315,30.957258
5316,5316,34.011772
5317,5317,66.03375
5318,5318,63.78504
5319,5319,52.450073
5320,5320,64.97737
5321,5321,58.710693
5322,5322,31.369064
5323,5323,64.755554
5324,5324,45.196053
5325,5325,50.223965
5326,5326,41.452316
5327,5327,51.36011
5328,5328,74.710815
5329,5329,69.21679
5330,5330,75.605644
5331,5331,37.23786
5332,5332,80.28583
5333,5333,24.990477
5334,5334,67.88395
5335,5335,70.63078
5336,5336,69.79852
5337,5337,76.83276
5338,5338,36.444633
5339,5339,66.79147
5340,5340,16.502293
5341,5341,59.346657
5342,5342,72.660385
5343,5343,37.189484
5344,5344,73.79822
5345,5345,60.896893
5346,5346,35.678627
5347,5347,69.21715
5348,5348,37.134277
5349,5349,60.166588
5350,5350,37.724762
5351,5351,26.104698
5352,5352,84.13468
5353,5353,37.937607
5354,5354,48.88906
5355,5355,24.324402
5356,5356,39.0674
5357,5357,81.52632
5358,5358,29.519737
5359,5359,36.75208
5360,5360,52.67936
5361,5361,67.20276
5362,5362,30.783077
5363,5363,57.433453
5364,5364,46.75838
5365,5365,74.53391
5366,5366,76.27355
5367,5367,45.11352
5368,5368,79.962
5369,5369,61.345688
5370,5370,37.682022
5371,5371,64.613
5372,5372,65.05452
5373,5373,55.799553
5374,5374,63.414536
5375,5375,68.34091
5376,5376,60.518753
5377,5377,28.037777
5378,5378,21.121912
5379,5379,78.42445
5380,5380,59.373386
5381,5381,56.271572
5382,5382,65.883026
5383,5383,59.466133
5384,5384,65.30148
5385,5385,52.792152
5386,5386,75.39935
5387,5387,65.23533
5388,5388,66.16758
5389,5389,73.85323
5390,5390,25.677668
5391,5391,60.434532
5392,5392,66.02542
5393,5393,51.47544
5394,5394,54.344105
5395,5395,50.721157
5396,5396,36.919308
5397,5397,43.8956
5398,5398,59.447716
5399,5399,37.722183
5400,5400,53.14986
5401,5401,61.4212
5402,5402,51.826553
5403,5403,56.4453
5404,5404,68.05901
5405,5405,60.90353
5406,5406,50.620007
5407,5407,73.242325
5408,5408,65.366264
5409,5409,47.885906
5410,5410,22.090832
5411,5411,20.211548
5412,5412,23.56226
5413,5413,39.978317
5414,5414,63.696682
5415,5415,72.01848
5416,5416,17.759617
5417,5417,62.584316
5418,5418,67.63081
5419,5419,20.888458
5420,5420,60.238457
5421,5421,67.44492
5422,5422,65.10171
5423,5423,22.50126
5424,5424,20.882519
5425,5425,52.72184
5426,5426,68.632774
5427,5427,48.75092
5428,5428,22.936563
5429,5429,20.613981
5430,5430,71.30515
5431,5431,66.57097
5432,5432,50.391922
5433,5433,65.18181
5434,5434,68.40277
5435,5435,66.180244
5436,5436,27.459934
5437,5437,57.98143
5438,5438,26.504793
5439,5439,65.60945
5440,5440,23.78123
5441,5441,43.257706
5442,5442,33.745148
5443,5443,77.19844
5444,5444,52.868454
5445,5445,34.326088
5446,5446,65.29417
5447,5447,66.336235
5448,5448,58.24519
5449,5449,68.29243
5450,5450,45.333996
5451,5451,77.53622
5452,5452,63.895763
5453,5453,24.323423
5454,5454,56.14853
5455,5455,58.750175
5456,5456,59.49622
5457,5457,82.20892
5458,5458,59.55253
5459,5459,80.53298
5460,5460,63.150913
5461,5461,55.622356
5462,5462,73.7231
5463,5463,65.267395
5464,5464,56.446636
5465,5465,70.00891
5466,5466,64.48697
5467,5467,70.31362
5468,5468,62.58386
5469,5469,85.45113
5470,5470,37.49818
5471,5471,50.836292
5472,5472,60.45733
5473,5473,64.241684
5474,5474,15.4070015
5475,5475,55.82166
5476,5476,24.26603
5477,5477,55.32342
5478,5478,48.444153
5479,5479,52.12187
5480,5480,49.895737
5481,5481,67.48336
5482,5482,69.20951
5483,5483,69.48807
5484,5484,60.969
5485,5485,67.683815
5486,5486,54.3343
5487,5487,34.158833
5488,5488,66.57923
5489,5489,54.478123
5490,5490,41.938446
5491,5491,64.15684
5492,5492,60.690907
5493,5493,58.715694
5494,5494,27.1995
5495,5495,32.574818
5496,5496,58.69778
5497,5497,59.58223
5498,5498,58.5592
5499,5499,60.542652
5500,5500,69.62045
5501,5501,64.2157
5502,5502,40.883026
5503,5503,68.30877
5504,5504,63.17975
5505,5505,83.91255
5506,5506,37.86125
5507,5507,61.779087
5508,5508,68.022644
5509,5509,66.8534
5510,5510,74.834755
5511,5511,57.465633
5512,5512,22.556368
5513,5513,24.141111
5514,5514,29.453531
5515,5515,25.64437
5516,5516,53.095043
5517,5517,79.31941
5518,5518,72.19025
5519,5519,31.340858
5520,5520,40.6857
5521,5521,64.21568
5522,5522,21.603863
5523,5523,49.20332
5524,5524,63.314175
5525,5525,16.69185
5526,5526,70.950226
5527,5527,65.74026
5528,5528,73.6592
5529,5529,21.84201
5530,5530,55.91527
5531,5531,58.055706
5532,5532,62.33946
5533,5533,27.019747
5534,5534,57.616547
5535,5535,60.009163
5536,5536,45.73154
5537,5537,48.00285
5538,5538,20.757633
5539,5539,37.71561
5540,5540,78.4852
5541,5541,55.07126
5542,5542,34.46264
5543,5543,65.779724
5544,5544,62.73715
5545,5545,47.165844
5546,5546,77.43988
5547,5547,68.42897
5548,5548,37.512337
5549,5549,21.019934
5550,5550,61.224987
5551,5551,32.231804
5552,5552,53.094902
5553,5553,16.282675
5554,5554,73.030266
5555,5555,19.35507
5556,5556,47.297733
5557,5557,55.845654
5558,5558,68.29062
5559,5559,32.818672
5560,5560,71.752365
5561,5561,23.649147
5562,5562,43.550205
5563,5563,55.1166
5564,5564,59.63246
5565,5565,61.39032
5566,5566,68.88909
5567,5567,87.52919
5568,5568,64.820465
5569,5569,61.28102
5570,5570,53.642082
5571,5571,70.534164
5572,5572,55.93625
5573,5573,22.833221
5574,5574,70.03493
5575,5575,53.843086
5576,5576,63.00064
5577,5577,62.60171
5578,5578,73.99361
5579,5579,62.705536
5580,5580,47.58192
5581,5581,64.496
5582,5582,26.062632
5583,5583,66.11215
5584,5584,77.59477
5585,5585,49.518147
5586,5586,55.34181
5587,5587,55.586735
5588,5588,38.827297
5589,5589,69.632805
5590,5590,78.851234
5591,5591,63.975433
5592,5592,64.72374
5593,5593,18.766273
5594,5594,24.988312
5595,5595,64.78874
5596,5596,57.211514
5597,5597,35.002403
5598,5598,69.93561
5599,5599,41.209286
5600,5600,66.885956
5601,5601,54.924282
5602,5602,59.297855
5603,5603,46.861866
5604,5604,51.599003
5605,5605,50.658276
5606,5606,61.776653
5607,5607,27.779629
5608,5608,74.186806
5609,5609,62.367226
5610,5610,28.111403
5611,5611,70.006744
5612,5612,66.742874
5613,5613,67.132904
5614,5614,22.396212
5615,5615,61.401684
5616,5616,74.43532
5617,5617,24.189426
5618,5618,33.436596
5619,5619,49.46003
5620,5620,18.346344
5621,5621,68.40405
5622,5622,21.050001
5623,5623,48.44146
5624,5624,58.09233
5625,5625,56.78453
5626,5626,50.308483
5627,5627,77.9838
5628,5628,43.15055
5629,5629,53.710316
5630,5630,58.690212
5631,5631,59.569252
5632,5632,76.00035
5633,5633,26.071991
5634,5634,26.499672
5635,5635,101.02749
5636,5636,72.36485
5637,5637,61.35513
5638,5638,36.855495
5639,5639,57.354527
5640,5640,56.574017
5641,5641,15.467031
5642,5642,26.45744
5643,5643,86.90061
5644,5644,81.57518
5645,5645,31.530823
5646,5646,77.82027
5647,5647,33.450375
5648,5648,30.988806
5649,5649,45.914043
5650,5650,70.93859
5651,5651,81.01028
5652,5652,20.797804
5653,5653,63.242886
5654,5654,49.32156
5655,5655,66.93101
5656,5656,68.546555
5657,5657,77.28242
5658,5658,17.613132
5659,5659,28.35977
5660,5660,59.345978
5661,5661,33.506184
5662,5662,80.3499
5663,5663,75.81584
5664,5664,28.852934
5665,5665,27.586151
5666,5666,54.71207
5667,5667,28.820456
5668,5668,66.20256
5669,5669,16.633682
5670,5670,21.65426
5671,5671,72.90489
5672,5672,30.298313
5673,5673,55.033054
5674,5674,61.103565
5675,5675,81.97219
5676,5676,34.51459
5677,5677,75.06777
5678,5678,55.537327
5679,5679,63.40191
5680,5680,33.989815
5681,5681,62.297577
5682,5682,49.778126
5683,5683,36.900517
5684,5684,60.22046
5685,5685,31.202631
5686,5686,34.382427
5687,5687,72.99628
5688,5688,61.664673
5689,5689,57.933926
5690,5690,54.217033
5691,5691,50.027092
5692,5692,68.6898
5693,5693,68.25446
5694,5694,50.02579
5695,5695,62.218452
5696,5696,53.307053
5697,5697,65.29575
5698,5698,24.65658
5699,5699,43.978592
5700,5700,60.312725
5701,5701,70.97652
5702,5702,64.18366
5703,5703,81.62011
5704,5704,21.337957
5705,5705,36.127277
5706,5706,60.27206
5707,5707,78.40069
5708,5708,33.65633
5709,5709,51.94551
5710,5710,77.1955
5711,5711,77.76461
5712,5712,57.805443
5713,5713,28.541513
5714,5714,69.27622
5715,5715,28.04845
5716,5716,17.926905
5717,5717,58.588066
5718,5718,45.11017
5719,5719,60.140064
5720,5720,38.536057
5721,5721,50.737442
5722,5722,65.79273
5723,5723,59.13887
5724,5724,25.24754
5725,5725,71.19383
5726,5726,27.04272
5727,5727,30.058372
5728,5728,31.26645
5729,5729,27.001665
5730,5730,34.809498
5731,5731,84.21968
5732,5732,83.298134
5733,5733,43.944275
5734,5734,44.9886
5735,5735,86.0262
5736,5736,60.017555
5737,5737,62.94934
5738,5738,59.46356
5739,5739,69.24678
5740,5740,50.772945
5741,5741,75.39549
5742,5742,63.89089
5743,5743,57.378235
5744,5744,48.72133
5745,5745,59.56884
5746,5746,52.37171
5747,5747,30.928905
5748,5748,78.27111
5749,5749,66.36207
5750,5750,63.62166
5751,5751,33.73491
5752,5752,34.57927
5753,5753,70.096436
5754,5754,50.749855
5755,5755,61.131626
5756,5756,23.940733
5757,5757,71.87755
5758,5758,98.755356
5759,5759,55.19314
5760,5760,61.92393
5761,5761,70.03431
5762,5762,71.18713
5763,5763,26.474173
5764,5764,61.693436
5765,5765,33.68976
5766,5766,58.973953
5767,5767,49.22484
5768,5768,63.682667
5769,5769,67.13768
5770,5770,60.759914
5771,5771,57.585182
5772,5772,67.53945
5773,5773,63.59736
5774,5774,57.643696
5775,5775,54.342396
5776,5776,23.064133
5777,5777,75.24847
5778,5778,32.232033
5779,5779,75.53398
5780,5780,54.89283
5781,5781,38.016666
5782,5782,61.36645
5783,5783,74.13685
5784,5784,23.884317
5785,5785,65.24062
